4	7	2
4	3	1
4	6	1
4	5	5
4	1	2
4	2	7
7	3	4
7	6	2
7	5	19
7	1	5
7	2	3
3	6	2
3	5	22
3	1	6
3	2	2
6	5	17
6	1	6
6	2	2
5	1	27
5	2	7
1	2	8
10	11	4
10	8	13
10	12	3
10	14	14
10	9	1
10	13	1
11	8	14
11	12	49
11	14	46
11	9	1
11	13	2
8	12	8
8	14	55
8	9	5
8	13	2
12	14	53
12	9	1
12	13	2
14	9	11
14	13	7
9	13	1
16	19	1
16	8	7
16	20	4
16	17	1
16	18	1
16	15	1
19	8	1
19	20	1
19	17	1
19	18	1
19	15	2
8	20	30
8	17	1
8	18	1
8	15	1
20	17	1
20	18	1
20	15	1
17	18	1
17	15	2
18	15	1
25	5	26
25	22	1
25	21	1
25	1	3
25	24	10
25	23	11
5	22	4
5	21	6
5	24	79
5	23	59
22	21	1
22	1	2
22	24	4
22	23	2
21	1	2
21	24	7
21	23	1
1	24	37
1	23	8
24	23	28
3	27	2
3	14	13
3	24	16
3	26	4
3	28	3
27	14	26
27	5	12
27	24	13
27	26	18
27	28	3
14	5	129
14	24	69
14	26	50
14	28	12
5	26	46
5	28	21
24	26	55
24	28	19
26	28	6
30	33	3
30	31	6
30	9	1
30	32	2
30	29	3
30	24	14
33	31	7
33	9	1
33	32	2
33	29	3
33	24	3
31	9	4
31	32	8
31	29	6
31	24	38
9	32	2
9	29	3
9	24	8
32	29	4
32	24	8
29	24	22
34	36	1
34	11	1
34	5	2
34	37	1
34	29	4
34	35	2
36	11	4
36	5	5
36	37	1
36	29	6
36	35	4
11	5	37
11	37	1
11	29	15
11	35	1
5	37	5
5	29	35
5	35	7
37	29	4
37	35	2
29	35	18
39	40	1
39	5	16
39	38	1
39	41	5
39	1	18
39	24	15
40	5	1
40	38	1
40	41	1
40	1	1
40	24	1
5	38	1
5	41	24
38	41	1
38	1	1
38	24	1
41	1	14
41	24	21
44	14	1
44	42	1
44	24	4
44	43	1
44	13	1
44	28	3
14	42	17
14	43	10
42	24	18
42	43	3
42	13	1
42	28	1
24	43	6
24	13	6
43	13	2
43	28	1
13	28	3
11	7	5
11	45	1
7	12	7
7	14	12
7	45	1
7	29	2
12	5	56
12	45	1
12	29	24
14	45	1
14	29	41
5	45	2
45	29	1
3	48	2
3	47	3
3	46	2
48	1	1
48	47	1
48	46	1
48	24	3
48	28	1
1	47	9
1	46	1
1	28	10
47	46	1
47	24	10
47	28	2
46	24	4
46	28	1
52	51	2
52	14	10
52	50	1
52	49	3
52	53	5
52	24	14
51	14	6
51	50	1
51	49	1
51	53	1
51	24	7
14	50	2
14	49	19
14	53	10
50	49	1
50	53	1
50	24	2
49	53	1
49	24	5
53	24	7
8	52	7
8	56	4
8	55	2
8	54	1
8	24	37
8	57	1
52	56	1
52	55	1
52	54	1
52	57	1
56	55	1
56	54	1
56	24	1
56	57	1
55	54	1
55	24	1
55	57	1
54	24	1
54	57	1
24	57	2
8	31	20
8	58	5
8	59	3
8	61	4
8	60	3
31	58	14
31	59	5
31	61	3
31	60	16
58	59	2
58	61	1
58	24	10
58	60	2
59	61	1
59	24	6
59	60	1
61	24	5
61	60	5
24	60	6
10	5	12
10	62	1
10	63	2
10	1	4
10	47	1
10	24	13
5	62	1
5	63	3
5	47	5
62	63	1
62	1	1
62	47	1
62	24	1
63	1	3
63	47	1
63	24	4
51	64	1
51	65	1
51	66	1
51	61	1
51	60	1
64	65	1
64	66	1
64	61	1
64	24	1
64	60	1
65	66	5
65	61	2
65	24	12
65	60	4
66	61	1
66	24	5
66	60	1
67	68	4
67	12	11
67	69	3
67	14	46
67	5	51
67	29	17
68	12	5
68	69	4
68	14	12
68	5	9
68	29	13
12	69	4
69	14	6
69	5	6
69	29	7
11	27	8
11	71	3
11	70	2
11	23	5
8	27	31
8	71	5
8	70	2
8	23	19
27	71	2
27	70	3
27	23	2
14	71	14
14	70	7
14	23	31
71	70	1
71	23	4
70	23	1
3	32	3
3	72	2
3	74	1
3	73	1
3	23	7
5	32	14
5	72	5
5	74	9
5	73	8
32	72	2
32	74	2
32	73	3
32	23	8
72	74	2
72	73	1
72	23	6
74	73	1
74	23	3
73	23	3
11	51	2
11	75	1
11	78	1
11	76	1
11	77	1
51	5	5
51	75	1
51	78	1
51	76	1
51	77	1
5	75	2
5	78	8
5	76	1
5	77	1
75	78	1
75	76	1
75	77	1
78	76	1
78	77	1
76	77	1
30	80	1
30	5	7
30	79	3
30	28	1
30	23	4
80	31	8
80	5	7
80	79	1
80	28	1
80	23	5
31	5	81
31	79	4
31	28	7
31	23	19
5	79	4
79	28	2
79	23	1
28	23	7
39	16	2
39	26	5
39	28	3
16	5	2
16	1	4
16	24	4
16	26	1
16	28	2
1	26	8
67	31	34
67	58	9
67	81	1
67	24	19
67	28	1
31	81	1
5	58	12
5	81	2
58	81	1
58	28	1
81	24	2
81	28	1
82	83	2
82	84	7
83	84	2
82	86	1
82	8	21
82	14	26
82	29	6
82	20	12
82	85	1
86	8	4
86	14	4
86	29	2
86	20	1
86	85	1
8	29	13
8	85	2
14	20	18
14	85	2
29	20	17
29	85	2
20	85	2
89	14	3
89	87	1
89	53	3
89	88	29
89	24	8
89	26	2
14	87	1
14	88	3
87	53	1
87	88	1
87	24	1
87	26	1
53	88	3
53	26	2
88	24	8
88	26	2
31	65	16
31	91	6
31	92	2
31	90	1
31	93	23
65	91	1
65	92	1
65	90	1
65	93	4
65	23	4
91	92	1
91	90	1
91	93	1
91	23	1
92	90	3
92	93	3
92	23	4
90	93	1
90	23	1
93	23	15
30	86	1
30	95	2
30	14	8
30	97	1
30	94	1
30	96	2
86	95	2
86	97	2
86	94	1
86	96	3
95	14	10
95	97	5
95	94	1
95	96	2
14	97	59
14	94	5
14	96	4
97	94	1
97	96	1
94	96	1
27	29	3
27	98	1
14	98	1
5	98	1
29	98	1
29	28	2
98	24	1
98	28	1
100	31	1
100	65	1
100	5	1
100	99	1
100	21	1
100	41	1
31	99	1
31	21	4
31	41	5
65	5	12
65	99	2
65	21	1
65	41	3
5	99	2
99	21	1
99	41	2
21	41	1
39	8	18
39	27	6
39	101	1
39	102	1
39	65	1
39	58	1
8	101	2
8	102	4
8	65	4
27	101	1
27	102	3
27	65	2
27	58	6
101	102	1
101	65	1
101	58	1
102	65	2
102	58	1
65	58	3
8	5	34
8	28	5
5	20	24
5	13	5
20	24	14
20	13	1
20	28	1
20	23	12
13	23	1
14	102	9
14	104	2
14	73	5
14	103	1
14	105	1
14	106	1
102	104	2
102	73	2
102	103	1
102	105	1
102	106	1
104	73	1
104	103	1
104	105	1
104	106	1
73	103	1
73	105	1
73	106	1
103	105	1
103	106	1
105	106	1
31	108	2
31	109	4
31	107	1
31	26	33
5	108	1
5	109	6
5	107	1
108	109	1
108	107	1
108	24	6
108	26	1
109	107	1
109	24	1
109	26	1
107	24	1
107	26	1
6	14	11
6	42	3
6	41	2
6	24	12
6	26	8
14	41	19
5	42	18
42	41	4
42	26	14
41	26	12
25	8	3
25	52	3
25	3	1
25	27	3
25	14	21
25	53	1
8	3	2
8	53	1
52	3	4
52	27	4
3	53	3
27	53	1
82	113	1
82	102	6
82	111	1
82	110	1
82	112	1
82	72	3
113	102	1
113	111	1
113	110	1
113	112	1
113	72	1
102	111	1
102	110	1
102	112	1
102	72	1
111	110	1
111	112	1
111	72	1
110	112	1
110	72	1
112	72	1
25	117	2
25	67	10
25	116	2
25	115	1
25	114	1
117	67	2
117	116	1
117	115	1
117	24	3
117	114	1
67	116	3
67	115	1
67	114	1
116	115	1
116	24	5
116	114	1
115	24	1
115	114	1
24	114	2
8	118	3
8	41	12
8	26	20
8	93	16
27	118	1
27	41	6
27	93	3
118	41	4
118	26	8
118	28	2
118	93	1
41	28	2
41	93	2
26	93	7
28	93	2
11	119	1
11	120	1
11	121	1
11	122	1
11	24	13
12	119	1
12	120	1
12	121	1
12	122	1
12	24	16
119	120	1
119	121	1
119	122	1
119	24	1
120	121	1
120	122	1
120	24	1
121	122	1
121	24	2
122	24	1
30	11	2
30	124	1
30	12	2
30	123	1
30	108	1
30	125	2
11	124	1
11	123	1
11	108	1
11	125	2
124	12	1
124	123	1
124	108	2
124	125	1
12	123	1
12	108	2
12	125	2
123	108	1
123	125	1
108	125	1
31	48	1
31	126	1
65	48	1
65	126	1
5	48	1
5	126	1
48	126	1
48	23	1
126	24	2
126	23	2
39	52	6
39	95	4
39	14	9
39	127	1
52	95	4
52	127	1
52	1	9
95	127	1
95	1	3
95	24	9
14	127	1
14	1	17
127	1	1
127	24	1
27	31	9
27	129	2
27	131	1
27	128	3
27	96	2
27	130	1
31	129	19
31	131	2
31	128	3
31	96	3
31	130	1
129	131	1
129	128	2
129	96	1
129	130	1
131	128	1
131	96	1
131	130	1
128	96	1
128	130	1
96	130	1
30	27	4
30	102	2
30	88	2
30	73	2
27	125	2
27	88	1
27	73	3
14	125	4
102	125	2
102	88	1
125	88	2
125	73	1
88	73	2
16	27	1
16	102	4
16	134	3
16	132	1
16	133	1
8	134	13
8	132	1
8	133	1
27	134	3
27	132	1
27	133	1
102	134	2
102	132	1
102	133	1
134	132	1
134	133	1
132	133	1
8	136	1
8	137	1
8	37	2
8	135	2
136	137	1
136	37	1
136	135	1
136	29	1
136	20	1
137	37	1
137	135	1
137	29	1
137	20	1
37	135	1
37	20	5
135	29	1
135	20	1
82	31	10
82	141	3
82	139	1
82	138	1
82	140	1
102	31	3
102	141	3
102	139	1
102	138	1
102	140	1
31	141	1
31	139	1
31	138	1
31	140	1
141	139	1
141	138	1
141	140	1
139	138	1
139	140	1
138	140	1
82	16	4
82	37	1
82	32	4
82	143	1
82	1	4
82	142	1
16	14	4
16	37	2
16	32	1
16	143	1
16	141	1
16	142	1
16	84	4
14	37	10
14	32	10
14	143	1
14	141	1
14	142	1
14	84	10
102	37	10
102	32	1
102	143	1
102	1	3
102	142	1
102	84	2
37	32	3
37	143	1
37	141	1
37	1	2
37	142	1
37	84	5
32	143	1
32	141	1
32	1	4
32	142	1
32	84	2
143	141	1
143	1	1
143	142	1
143	84	1
141	1	1
141	142	1
141	84	1
1	142	1
1	84	4
142	84	1
82	145	1
82	146	1
82	24	16
82	144	1
145	102	1
145	31	1
145	146	2
145	24	3
145	144	1
102	146	1
102	24	3
102	144	1
31	146	2
31	144	1
146	24	2
146	144	1
24	144	1
27	148	1
27	147	1
27	99	2
27	116	1
148	58	1
148	147	1
148	99	1
148	116	1
148	26	1
58	147	1
58	99	1
58	116	1
58	26	7
147	99	1
147	116	1
147	26	1
99	116	1
99	26	1
116	26	3
82	150	1
82	65	3
82	149	2
82	151	1
150	14	1
150	102	1
150	65	1
150	149	1
150	151	1
14	65	7
14	149	16
14	151	1
102	149	1
102	151	1
65	149	1
65	151	1
149	151	1
152	67	2
152	155	5
152	5	18
152	42	1
152	154	1
152	153	1
67	155	4
67	42	5
67	154	1
67	153	2
155	5	23
155	42	4
155	154	1
155	153	1
5	154	3
5	153	9
42	154	1
42	153	1
154	153	2
39	156	2
39	47	1
156	52	1
156	1	1
156	47	1
156	24	2
156	26	2
52	47	3
52	26	2
47	26	4
52	158	1
52	5	4
52	63	1
52	157	1
3	158	1
3	63	1
3	157	1
158	5	1
158	63	1
158	24	1
158	157	1
5	157	1
63	157	1
24	157	1
25	155	4
25	160	1
25	159	1
25	28	2
155	160	1
155	1	2
155	159	2
155	28	2
5	160	1
5	159	2
160	1	1
160	159	1
160	28	1
1	159	1
159	28	1
51	162	1
51	31	3
51	71	1
51	161	1
162	14	3
162	31	1
162	5	3
162	71	1
162	161	1
14	31	45
14	161	1
31	71	2
31	161	1
5	71	9
5	161	1
71	161	1
163	68	1
163	14	2
163	134	2
163	9	1
163	29	2
163	26	1
68	134	2
68	9	1
68	26	1
14	134	12
134	9	3
134	29	13
134	26	6
9	26	6
29	26	8
6	21	1
6	164	2
6	28	4
5	164	24
21	164	1
21	28	1
1	164	4
164	24	4
164	28	1
166	31	9
166	5	14
166	73	2
166	165	1
166	24	10
166	23	7
31	73	6
31	165	2
5	165	2
73	165	1
73	24	3
165	24	2
165	23	1
167	34	1
167	3	1
167	14	2
167	5	2
167	29	1
167	15	2
34	3	1
34	14	1
34	15	1
3	29	2
3	15	1
14	15	1
5	15	2
29	15	3
82	168	3
82	134	4
82	125	2
168	8	6
168	134	3
168	125	1
168	20	7
168	24	6
8	125	6
134	125	4
134	20	4
134	24	17
125	20	3
125	24	2
36	155	1
36	65	1
36	169	6
36	170	2
36	93	3
155	65	2
155	169	1
155	170	1
155	93	3
65	169	1
65	170	1
5	169	7
5	170	5
5	93	24
169	170	2
169	93	2
170	93	3
82	172	1
82	171	4
82	42	5
82	93	9
172	134	5
172	171	1
172	42	5
172	24	2
172	93	1
134	171	4
134	42	5
134	93	4
171	42	3
171	24	2
171	93	6
42	93	3
24	93	13
82	173	1
82	174	1
82	59	2
82	97	7
173	14	7
173	174	1
173	59	1
173	97	2
173	24	6
14	174	1
14	59	2
174	59	1
174	97	1
174	24	1
59	97	2
97	24	21
168	65	1
168	5	6
168	99	1
168	175	3
168	41	4
65	175	1
5	175	1
99	175	1
99	24	1
175	41	2
175	24	3
16	173	1
16	176	1
173	176	1
173	8	3
173	5	4
176	8	1
176	14	1
176	5	1
176	24	2
14	58	5
65	29	1
65	71	1
58	29	2
58	71	1
29	71	7
71	24	5
39	86	1
39	9	1
39	96	1
86	9	1
86	24	2
86	26	2
9	96	1
24	96	4
26	96	2
34	177	1
34	155	1
34	179	1
34	42	1
34	178	1
34	70	1
177	155	1
177	179	1
177	42	1
177	178	1
177	70	1
155	179	1
155	178	1
155	70	1
179	42	1
179	178	1
179	70	1
42	178	1
42	70	1
178	70	2
89	180	1
89	181	1
89	170	5
89	114	1
180	181	1
180	88	1
180	170	1
180	24	5
180	114	1
181	88	1
181	170	1
181	24	2
181	114	1
88	170	5
88	114	1
170	24	2
170	114	1
6	182	6
6	97	4
14	182	9
182	42	1
182	97	6
182	24	12
182	26	6
42	97	3
97	26	22
14	169	6
14	183	4
14	164	15
169	183	1
169	53	1
169	29	11
169	164	2
169	24	3
183	53	2
183	29	4
183	164	2
183	24	7
53	29	2
53	164	1
29	164	5
184	7	1
184	27	1
184	14	4
184	79	1
184	24	4
184	26	3
7	27	2
7	79	1
7	24	7
7	26	4
27	79	3
14	79	3
79	24	4
79	26	3
3	186	1
3	185	1
5	186	2
5	185	3
186	185	1
186	24	1
186	28	1
186	23	1
185	24	3
185	28	2
185	23	1
166	3	2
166	14	12
166	93	4
3	93	1
14	93	23
39	7	2
39	12	1
39	187	1
7	95	1
7	187	1
95	12	7
95	5	21
95	187	2
12	187	2
12	1	2
5	187	4
187	1	2
36	33	2
36	14	8
36	72	12
36	188	2
36	71	8
36	189	1
33	14	6
33	72	2
33	188	1
33	71	3
33	189	1
14	72	7
14	188	2
14	189	2
72	188	2
72	71	5
72	189	2
188	71	1
188	189	1
71	189	3
156	31	1
156	65	1
156	5	1
156	129	1
156	28	1
65	129	2
65	26	5
65	28	1
5	129	15
129	26	6
129	28	2
173	191	1
173	6	1
173	192	1
173	193	1
173	190	1
8	191	3
8	6	7
8	192	3
8	193	2
8	190	1
191	6	2
191	192	2
191	193	1
191	190	1
6	192	2
6	193	1
6	190	1
192	193	1
192	190	1
193	190	5
194	173	2
194	33	4
194	197	1
194	196	5
194	70	1
194	195	5
173	33	3
173	197	1
173	196	1
173	70	1
173	195	2
33	197	1
33	196	3
33	70	1
33	195	1
197	196	1
197	70	1
197	195	1
196	70	1
196	195	1
70	195	1
10	198	1
10	199	2
10	41	4
10	26	11
14	198	4
14	199	4
198	199	1
198	41	4
198	24	6
198	26	2
199	41	1
199	24	2
199	26	2
8	163	1
8	200	1
8	42	34
163	27	1
163	5	2
163	200	1
163	42	1
163	20	3
27	200	1
27	42	14
27	20	3
5	200	2
200	42	1
200	20	1
42	20	9
201	22	1
201	79	1
201	192	1
201	41	1
201	47	1
201	24	2
22	79	1
22	192	1
22	41	2
22	47	2
79	192	1
79	41	1
79	47	1
192	41	2
192	47	1
192	24	3
41	47	6
180	183	1
180	29	4
180	84	1
183	84	1
29	84	1
8	79	2
6	31	10
6	79	2
173	204	1
173	104	1
173	203	1
173	202	3
173	92	2
173	90	2
204	104	1
204	203	1
204	202	1
204	92	1
204	90	1
104	203	1
104	202	1
104	92	1
104	90	1
203	202	1
203	92	1
203	90	1
202	92	4
202	90	2
27	67	8
27	199	2
27	97	8
27	13	1
67	199	1
67	97	15
67	13	4
199	97	3
199	13	1
97	13	4
205	5	3
205	182	1
205	1	1
205	47	1
205	24	1
205	28	1
5	182	14
182	1	5
182	47	1
182	28	2
206	95	1
206	14	1
206	31	1
206	5	1
206	28	1
206	93	1
95	31	5
95	28	2
95	93	3
80	58	2
80	9	1
80	24	2
80	60	1
80	93	5
58	9	1
58	93	2
9	60	2
9	93	2
60	93	4
30	208	1
30	67	7
30	207	1
208	67	1
208	31	1
208	79	1
208	24	1
208	207	1
67	79	2
67	207	1
31	207	1
79	207	1
24	207	1
10	27	10
10	31	5
10	43	2
8	43	5
27	43	8
31	43	11
26	43	4
10	44	1
10	209	2
10	28	2
10	23	2
44	209	1
44	1	3
44	23	2
209	1	2
209	24	4
209	28	1
209	23	1
30	211	1
30	212	1
30	210	1
14	211	1
14	212	1
14	210	1
211	31	1
211	212	1
211	210	1
211	24	1
31	212	1
31	210	1
212	210	1
212	24	1
210	24	2
11	209	1
11	26	6
12	209	1
12	26	11
14	209	2
5	209	1
209	26	2
27	213	1
27	108	1
27	74	2
213	14	1
213	31	1
213	108	1
213	74	1
213	24	1
14	108	2
14	74	11
31	74	1
108	74	1
74	24	4
30	89	1
30	173	1
30	214	1
30	53	3
89	173	1
89	214	1
173	214	1
173	53	2
173	88	1
214	53	1
214	88	1
214	24	2
39	2	1
39	23	7
41	2	2
41	23	7
2	26	1
2	23	3
26	23	13
89	183	1
89	215	1
89	29	12
183	88	1
183	215	1
183	170	1
53	215	1
53	170	1
88	215	1
88	29	10
215	29	2
215	170	1
29	170	8
217	216	1
217	20	1
217	24	1
217	26	1
217	23	1
217	130	1
216	20	1
216	24	1
216	26	1
216	23	1
216	130	1
20	26	5
20	130	2
24	130	1
26	130	2
23	130	1
8	1	10
11	152	13
11	155	5
11	28	3
152	14	17
152	29	4
152	24	6
152	28	2
155	14	2
155	29	3
155	24	9
14	218	3
5	218	5
5	97	30
218	97	2
218	26	1
218	28	1
218	23	1
97	28	1
97	23	8
82	5	13
82	43	2
31	20	9
5	43	9
20	43	1
20	93	6
43	93	2
10	219	1
5	219	1
219	63	1
219	1	1
219	24	1
219	26	1
63	26	2
173	11	1
173	12	1
173	29	2
173	73	1
173	220	1
11	73	3
11	220	2
12	73	3
12	220	5
29	73	3
29	220	1
73	220	1
220	24	1
204	14	3
204	49	1
204	20	4
204	221	1
204	26	1
204	130	1
14	221	2
14	130	1
49	20	4
49	221	5
49	26	6
49	130	1
20	221	2
221	26	2
221	130	1
25	173	2
25	222	1
25	223	3
173	155	2
173	222	1
173	223	3
173	23	4
155	222	2
155	223	5
155	23	5
5	222	2
5	223	10
222	223	1
222	23	1
223	23	6
30	4	2
30	225	1
30	163	1
30	204	1
30	224	1
4	225	1
4	163	1
4	204	1
4	224	1
4	24	4
225	163	1
225	204	1
225	224	1
225	24	1
163	204	1
163	224	1
163	24	1
204	224	1
204	24	2
224	24	1
173	145	1
173	71	2
33	145	1
33	53	1
33	202	1
145	53	1
145	202	1
145	71	1
53	202	1
53	71	1
202	71	2
202	24	1
11	95	2
11	74	4
8	95	11
8	74	3
95	74	2
12	74	10
12	28	2
74	28	1
230	14	4
230	229	1
230	20	1
230	228	1
230	226	1
230	227	1
14	229	1
14	228	1
14	226	7
14	227	1
229	20	1
229	228	1
229	226	1
229	227	1
20	228	1
20	226	1
20	227	1
228	226	1
228	227	1
226	227	1
36	231	1
36	149	2
36	164	1
36	232	3
14	231	1
14	232	2
231	72	1
231	149	1
231	164	1
231	232	1
72	149	3
72	164	1
72	232	2
149	164	1
149	232	1
164	232	1
166	58	1
166	21	1
166	42	1
166	26	5
31	42	9
58	21	3
58	42	2
21	42	1
21	26	3
34	89	1
34	88	1
34	85	3
34	170	1
34	233	1
34	234	1
89	85	2
89	233	1
89	234	1
88	85	2
88	233	1
88	234	1
85	170	1
85	233	1
85	234	1
170	233	1
170	234	1
233	234	1
82	9	3
82	235	1
82	164	3
82	26	6
8	235	2
8	164	4
9	235	1
9	42	1
9	164	1
235	42	1
235	164	1
235	26	1
42	164	2
164	26	4
30	237	1
30	198	1
30	236	1
30	2	2
4	237	1
4	102	1
4	198	3
4	236	2
237	102	2
237	198	2
237	236	1
237	2	1
102	198	2
102	236	1
102	2	1
198	236	2
198	2	4
236	2	3
238	239	1
238	29	1
238	193	1
238	190	1
238	35	1
238	24	1
239	29	1
239	193	1
239	190	1
239	35	1
239	24	1
29	193	2
29	190	2
193	35	1
193	24	3
190	35	1
190	24	2
35	24	10
241	36	1
241	14	1
241	72	1
241	71	1
241	226	1
241	240	1
36	226	1
36	240	2
14	240	1
72	226	1
72	240	2
71	226	1
71	240	2
226	240	1
242	31	5
242	5	10
242	50	1
242	58	7
242	21	2
242	96	1
31	50	1
5	50	2
5	96	2
50	58	1
50	21	1
50	96	1
58	96	2
21	96	2
8	166	10
8	243	3
8	183	2
8	244	3
166	243	1
166	183	1
166	244	1
243	183	1
243	24	3
243	26	2
243	244	1
183	26	5
183	244	1
24	244	3
26	244	2
44	8	1
44	126	1
44	26	2
8	126	1
126	1	1
126	26	1
10	39	1
10	185	1
39	185	1
185	1	1
245	8	1
245	242	1
245	65	2
245	246	1
245	78	1
245	93	1
8	242	7
8	246	1
8	78	4
242	65	1
242	246	1
242	78	2
242	93	5
65	246	1
65	78	1
246	78	1
246	93	1
78	93	3
44	5	1
44	247	1
44	41	2
5	247	1
247	41	1
247	1	1
247	24	1
247	28	1
11	248	1
8	248	1
12	248	1
14	248	1
5	248	1
248	24	1
39	249	3
39	42	6
249	27	3
249	42	3
249	1	1
249	24	3
249	26	3
27	1	4
42	1	4
7	155	4
7	223	1
7	250	1
7	190	1
155	250	2
155	2	6
155	190	1
223	250	1
223	2	1
223	190	1
223	24	4
250	2	2
250	190	1
250	24	2
2	190	1
2	24	11
30	61	1
30	26	3
14	61	4
5	61	3
29	61	6
61	26	1
8	254	1
8	253	1
8	252	1
8	251	1
95	254	1
95	253	1
95	252	1
95	251	1
254	253	1
254	252	1
254	251	1
254	24	1
253	252	1
253	251	1
253	24	1
252	251	1
252	24	1
251	24	1
27	50	1
50	97	1
50	26	1
176	255	1
176	66	1
176	192	1
176	256	1
176	257	1
255	66	1
255	192	1
255	24	1
255	256	1
255	257	1
66	192	1
66	256	1
66	257	1
192	256	1
192	257	1
24	256	1
24	257	1
256	257	1
10	67	5
10	165	1
27	165	1
67	165	1
67	26	21
14	165	2
165	26	1
11	101	1
11	258	1
8	258	1
101	12	1
101	14	1
101	258	1
101	5	1
12	258	3
14	258	2
258	5	1
82	259	1
82	260	1
82	261	2
82	198	1
82	96	1
259	260	1
259	261	1
259	198	1
259	24	2
259	96	1
260	261	1
260	198	1
260	24	2
260	96	1
261	198	1
261	24	2
261	96	1
198	96	1
67	263	1
67	262	2
14	263	1
14	262	2
31	263	1
31	262	1
58	263	1
58	262	1
263	262	1
263	24	1
262	24	1
11	6	2
11	180	10
11	66	3
6	180	1
6	12	3
6	66	1
180	12	17
180	14	13
180	66	1
180	26	1
12	66	3
14	66	4
66	26	3
249	11	4
249	12	2
249	14	6
249	74	1
249	29	5
74	29	6
82	39	5
82	237	1
82	41	4
39	237	2
237	5	3
237	41	3
237	1	3
237	24	2
172	8	10
172	191	2
172	264	1
172	20	6
172	85	1
8	264	1
191	264	1
191	42	1
191	20	3
191	85	2
264	42	1
264	20	1
264	85	1
42	85	1
10	243	2
10	49	4
8	49	13
14	243	3
5	243	2
5	49	14
243	49	1
243	23	1
49	23	5
266	3	1
266	265	1
266	29	1
266	170	1
266	193	2
266	24	2
3	265	1
3	170	1
3	193	1
265	29	1
265	170	1
265	193	1
265	24	1
170	193	1
11	187	1
11	210	1
155	180	4
155	12	5
155	187	1
155	210	1
180	5	12
180	187	1
180	210	1
12	210	1
5	210	1
187	210	1
7	67	3
7	267	1
7	159	1
67	267	3
67	159	1
155	267	3
5	267	6
29	267	1
29	159	1
267	159	1
39	242	2
39	198	3
39	29	2
242	198	1
242	29	2
242	1	1
242	24	5
242	23	4
198	29	1
198	1	2
198	23	3
29	1	1
29	23	6
11	268	3
12	268	2
12	70	3
14	268	4
5	268	2
5	70	6
268	70	1
268	26	1
70	26	11
3	42	2
3	192	1
14	48	1
14	192	2
48	42	1
48	192	1
48	26	1
42	192	1
192	26	1
7	31	9
7	270	1
7	269	1
6	155	3
6	270	1
6	269	1
155	31	4
155	270	1
155	269	1
31	270	2
31	269	1
5	270	2
5	269	1
270	269	1
34	163	1
34	134	1
34	20	1
34	271	1
163	271	1
163	35	1
134	271	1
134	35	6
29	271	1
20	271	1
20	35	8
271	35	1
58	272	1
58	273	3
272	273	1
272	21	1
272	24	1
272	26	1
272	96	1
273	21	1
273	24	2
273	26	1
273	96	1
5	128	3
21	128	1
21	43	1
128	24	4
128	26	3
128	43	3
274	275	1
274	5	2
274	32	1
274	202	1
274	71	3
274	232	1
275	5	1
275	32	1
275	202	1
275	71	1
275	232	1
5	202	1
5	232	2
32	202	1
32	71	1
32	232	1
202	232	1
71	232	4
4	277	1
4	276	1
4	23	1
7	277	1
7	276	1
7	23	1
277	276	1
277	1	1
277	2	1
277	23	1
276	1	1
276	2	2
276	23	3
30	3	2
5	53	2
53	23	1
16	278	1
16	191	1
16	6	1
16	279	1
16	182	1
16	192	1
278	191	1
278	6	1
278	279	1
278	182	1
278	192	1
278	1	1
278	84	1
278	28	1
191	279	1
191	182	1
191	1	1
191	84	1
191	28	1
6	279	1
6	84	1
279	182	1
279	192	1
279	1	1
279	84	1
279	28	1
182	192	1
182	84	2
192	1	1
192	84	1
192	28	1
84	28	1
39	280	1
39	74	2
39	224	1
39	61	1
39	60	2
280	74	1
280	224	1
280	1	1
280	61	1
280	60	1
74	224	1
74	1	3
74	61	1
74	60	1
224	1	1
224	61	1
224	60	1
1	61	1
1	60	2
7	281	1
7	231	1
7	282	2
7	60	3
155	281	1
155	231	1
155	282	1
155	60	4
281	5	11
281	231	1
281	282	1
281	60	1
5	231	1
5	282	2
5	60	15
231	282	1
231	60	1
282	60	1
11	21	1
152	12	13
152	21	1
12	21	1
14	21	2
284	155	1
284	145	1
284	180	1
284	12	2
284	283	1
284	146	1
155	145	1
155	283	1
155	146	1
145	180	1
145	12	1
145	283	1
180	283	1
180	146	1
12	283	1
12	146	1
283	146	1
67	183	1
67	285	1
5	183	3
5	285	1
183	285	2
183	97	5
183	13	2
285	97	1
285	26	1
285	13	1
26	13	4
8	286	1
52	31	2
52	42	3
52	286	1
27	286	1
31	286	1
42	286	1
286	24	1
82	287	2
39	287	1
8	287	2
14	287	1
1	287	1
24	287	1
30	1	2
53	1	1
289	152	1
289	7	1
289	12	3
289	14	3
289	5	3
289	288	1
152	7	3
152	288	1
7	288	1
12	288	1
14	288	3
5	288	3
25	49	6
25	290	1
25	26	7
117	14	2
117	5	1
117	49	1
117	290	1
117	26	2
14	290	2
5	290	1
49	290	2
290	26	3
6	209	1
6	118	2
6	59	1
31	209	1
31	118	5
209	118	1
209	59	1
118	59	2
118	24	2
59	26	2
10	184	1
10	97	5
184	243	1
184	97	3
243	97	2
291	155	1
291	14	1
291	239	1
291	202	1
291	92	1
291	1	1
155	239	1
155	202	1
155	92	1
14	239	1
14	202	1
14	92	8
239	202	2
239	92	2
239	1	1
202	1	1
92	1	1
8	63	1
27	63	1
58	63	1
58	1	1
89	242	2
89	71	2
89	292	1
89	232	1
89	240	1
242	88	2
242	71	2
242	292	1
242	232	1
242	240	2
88	71	1
88	292	1
88	232	1
88	240	1
71	292	1
292	232	1
292	240	1
232	240	1
294	3	1
294	293	1
294	97	1
294	47	1
294	24	1
294	26	1
3	293	1
3	97	2
293	97	1
293	47	1
293	24	1
293	26	1
97	47	1
16	52	2
16	7	1
16	41	1
52	7	1
52	102	1
52	41	8
7	102	1
7	41	1
102	41	1
27	6	3
27	290	1
67	6	6
67	73	3
67	290	1
6	73	1
6	290	1
79	73	1
79	290	1
73	290	1
73	26	3
296	52	2
296	14	2
296	295	1
296	53	1
296	20	5
296	41	2
52	295	3
52	20	3
14	295	2
295	53	2
295	20	2
295	41	2
53	20	1
53	41	2
20	41	3
297	52	1
297	14	1
297	295	1
297	22	1
297	53	1
297	28	1
52	22	1
52	28	2
14	22	2
295	22	1
295	28	1
22	53	1
22	28	1
53	28	1
4	298	1
4	299	1
4	155	3
4	300	1
298	299	1
298	155	1
298	5	1
298	300	1
298	2	1
299	155	1
299	5	2
299	300	1
299	2	1
155	300	1
5	300	2
300	2	1
30	303	1
30	302	1
30	301	1
33	5	8
33	303	1
33	302	1
33	301	2
33	23	2
5	303	1
5	302	1
5	301	2
303	302	1
303	301	1
303	23	1
302	301	1
302	23	1
301	23	1
36	8	2
36	125	1
11	93	3
125	29	1
125	93	5
29	93	12
249	304	1
249	8	7
249	170	1
249	305	1
304	8	1
304	14	1
304	170	1
304	305	1
304	26	1
8	170	2
8	305	1
14	170	2
14	305	1
170	305	1
170	26	1
305	26	1
7	65	2
7	306	1
7	93	1
14	306	1
31	306	1
65	306	1
306	24	1
306	93	1
10	7	1
10	242	1
10	91	1
10	20	4
7	242	1
7	91	1
7	20	1
242	91	1
242	20	1
5	91	2
91	20	3
25	97	15
25	13	1
11	3	2
8	152	4
8	7	3
152	3	2
3	12	2
25	307	1
25	136	1
25	198	4
25	149	1
307	155	1
307	136	1
307	5	1
307	198	1
307	149	1
155	136	1
155	198	3
155	149	3
136	5	1
136	198	1
136	149	1
5	198	5
5	149	10
198	149	1
31	308	6
5	308	5
308	129	3
308	24	2
308	28	1
308	23	2
129	24	4
129	23	5
82	30	2
82	67	9
82	2	1
30	8	5
8	67	16
8	2	3
67	1	2
67	2	2
8	45	1
8	22	1
95	242	2
95	45	2
95	22	1
95	26	4
242	45	2
242	22	1
242	26	3
45	22	1
45	26	1
22	26	3
274	36	1
274	68	1
274	169	1
274	209	1
274	72	1
274	24	1
36	68	4
36	209	1
36	24	1
68	169	8
68	209	1
68	72	2
68	24	2
169	209	1
169	72	2
209	72	1
72	24	3
25	182	2
25	309	1
14	309	1
5	309	1
182	309	1
309	97	1
309	24	1
82	281	2
82	226	2
8	281	5
8	226	2
67	281	10
67	226	2
14	281	9
281	29	2
281	226	2
29	226	2
194	80	2
194	310	1
194	74	3
194	270	1
194	300	1
80	310	1
80	74	3
80	270	1
80	196	2
80	300	1
310	74	1
310	270	1
310	196	1
310	300	1
74	270	1
74	196	3
74	300	1
270	196	1
270	300	1
196	300	1
8	311	1
7	311	1
7	42	2
14	311	2
311	42	1
311	24	1
311	26	1
34	12	1
34	312	1
34	313	1
34	24	1
34	26	1
12	312	1
12	313	5
12	85	1
312	313	1
312	85	1
312	24	1
312	26	1
313	85	1
313	24	4
313	26	1
85	24	2
85	26	1
82	183	1
82	73	3
31	183	4
31	97	7
183	73	1
73	97	1
249	152	1
249	5	3
249	73	1
152	73	1
82	52	2
82	193	2
82	190	2
82	114	1
39	193	1
39	190	1
39	114	1
52	193	1
52	190	1
52	114	1
42	193	1
42	190	1
42	114	1
193	114	1
190	114	1
314	95	1
314	67	1
314	14	1
314	315	1
314	41	1
314	26	1
95	67	2
95	315	1
95	41	3
67	315	1
67	41	4
14	315	1
315	41	1
315	26	1
6	281	2
6	317	1
6	316	1
6	43	4
281	31	13
281	317	1
281	316	1
281	43	1
31	317	1
31	316	3
5	317	1
5	316	2
317	316	1
317	43	1
316	43	1
318	31	1
318	129	1
318	183	1
318	182	1
318	24	1
318	26	1
31	182	4
129	183	1
129	182	1
183	182	1
67	223	1
67	182	3
67	23	10
6	223	1
6	23	4
31	223	2
223	182	2
182	23	3
36	23	3
29	232	2
23	232	1
8	97	10
11	164	4
27	12	6
27	164	4
12	164	8
172	14	4
172	281	1
172	65	2
172	5	3
172	58	1
172	26	1
281	65	1
281	58	5
281	26	6
10	89	1
10	134	1
10	135	1
10	88	1
10	313	1
89	134	8
89	135	1
89	313	1
134	135	1
134	88	7
134	313	2
135	88	1
135	313	1
135	24	2
88	313	2
11	320	1
11	319	1
320	7	1
320	27	1
320	12	1
320	319	1
320	5	1
7	319	1
27	319	1
12	319	1
319	5	1
25	322	1
25	41	4
25	321	1
52	322	1
52	321	1
52	23	2
322	41	1
322	321	1
322	24	2
322	23	1
41	321	2
321	24	2
321	23	1
68	323	1
68	164	3
14	323	1
5	323	1
323	169	1
323	29	1
323	164	1
324	14	2
324	5	1
324	325	1
324	29	1
324	93	1
324	23	1
14	325	1
5	325	1
325	29	1
325	93	1
325	23	1
230	31	5
230	65	2
230	66	1
230	45	1
230	183	1
230	24	1
31	66	2
31	45	1
65	45	1
65	183	2
66	45	1
66	183	1
45	183	1
45	24	2
82	80	1
82	326	2
80	326	1
80	171	3
80	20	6
5	326	5
5	171	7
326	171	1
326	20	1
326	93	2
171	20	7
95	58	3
95	129	1
95	273	1
31	273	2
5	273	6
58	129	3
129	273	1
194	223	1
194	164	2
194	93	1
194	23	2
173	164	1
173	93	3
223	164	2
223	195	1
223	93	5
164	195	1
164	93	3
164	23	6
195	93	1
195	23	2
11	327	1
3	327	1
3	164	1
14	327	1
5	327	1
327	164	1
327	23	1
155	196	1
155	328	1
5	196	4
5	328	1
149	196	1
149	42	8
149	328	1
149	2	1
196	42	1
196	328	1
196	2	1
42	328	1
42	2	3
328	2	1
330	331	1
330	191	1
330	332	1
330	329	1
330	92	1
330	24	1
331	191	1
331	332	1
331	329	1
331	92	1
331	24	1
191	332	1
191	329	1
191	92	2
191	24	1
332	329	1
332	92	1
332	24	2
329	92	1
329	24	1
92	24	2
11	166	1
166	7	4
166	12	1
4	95	1
4	333	1
4	334	1
95	333	1
95	2	2
95	334	1
5	333	1
5	334	3
333	2	1
333	24	1
333	334	1
2	334	2
24	334	4
336	29	1
336	337	1
336	335	1
336	170	1
336	35	1
336	23	1
29	337	2
29	335	1
337	335	1
337	170	1
337	35	1
337	23	1
335	170	1
335	35	1
335	23	1
170	35	2
170	23	3
35	23	3
67	237	1
67	70	2
237	281	2
237	31	4
237	70	1
237	26	4
237	13	1
281	70	2
281	13	1
31	70	3
31	13	2
70	13	1
155	338	2
155	20	1
5	338	10
338	223	1
338	20	1
338	24	2
338	93	1
223	20	3
136	14	1
136	104	1
136	339	1
136	116	1
136	226	1
136	334	1
14	339	2
14	116	4
14	334	1
104	339	1
104	116	1
104	226	1
104	334	1
339	116	1
339	226	1
339	334	1
116	226	2
116	334	1
226	334	1
82	33	3
33	97	1
33	93	6
97	93	4
168	152	1
168	14	5
168	31	4
168	220	1
152	31	3
152	41	1
152	220	1
14	220	5
31	220	2
5	220	3
41	220	1
30	149	1
30	340	1
30	41	2
8	149	14
8	340	7
8	73	6
14	340	9
149	340	5
149	73	2
149	41	2
340	73	2
340	41	3
73	41	2
67	65	2
342	7	1
342	3	1
342	31	1
342	341	1
342	5	1
342	60	1
7	341	1
3	31	3
3	341	1
3	60	2
31	341	10
341	5	8
341	60	3
89	8	5
89	343	1
89	125	1
89	149	2
89	93	4
8	343	1
8	88	4
343	125	2
343	149	1
343	88	1
343	93	3
125	149	3
149	88	2
149	93	6
88	93	4
67	204	2
67	74	6
12	204	2
204	5	4
204	74	1
204	29	3
8	344	1
166	27	1
166	49	1
166	344	1
27	49	6
27	344	1
14	344	7
49	344	1
49	93	4
344	93	1
31	345	1
31	248	1
65	345	1
65	308	1
65	248	1
65	316	1
345	308	1
345	248	1
345	316	1
345	60	1
308	248	1
308	316	1
308	60	1
248	316	1
248	60	1
316	60	1
184	6	2
184	346	1
184	178	1
6	346	1
6	178	1
14	346	2
14	178	3
346	178	1
346	97	1
346	24	2
178	97	2
178	24	2
245	172	2
245	249	1
245	237	1
245	134	1
245	347	1
172	249	2
172	237	1
172	347	1
249	237	1
249	65	1
249	134	3
249	347	1
237	65	1
237	134	1
237	347	1
65	134	1
65	347	1
134	347	1
30	134	4
30	171	2
30	348	1
67	134	4
67	171	4
67	348	1
14	171	4
14	348	1
134	348	1
171	29	3
171	348	1
29	348	1
155	349	1
155	236	2
155	276	1
5	349	1
5	236	2
5	276	1
349	236	1
349	276	1
349	2	1
349	23	1
236	276	1
236	23	2
152	180	2
296	3	1
296	5	3
296	1	1
296	24	1
3	41	3
11	65	2
11	72	1
155	72	2
180	65	1
180	72	1
12	65	2
12	72	3
65	72	1
3	67	3
3	350	1
3	326	1
67	32	5
67	350	1
67	326	3
5	350	2
32	350	2
32	326	1
32	26	4
350	326	1
350	26	1
326	26	1
351	89	1
351	352	1
351	134	1
351	353	3
351	88	1
351	29	2
89	352	1
89	353	4
352	134	1
352	353	1
352	88	1
352	29	1
134	353	2
353	88	4
353	29	8
25	354	1
25	19	1
25	122	2
354	19	1
354	198	1
354	122	1
354	97	1
354	23	2
19	198	1
19	122	1
19	97	1
19	23	1
198	122	1
198	97	4
122	97	3
122	23	1
10	65	1
10	66	2
10	129	1
5	66	2
66	129	1
260	169	2
260	279	1
260	88	3
260	29	3
260	313	1
169	279	1
169	88	2
169	313	1
279	88	1
279	29	1
279	313	1
279	24	1
29	313	2
30	308	2
30	129	1
30	326	1
30	355	1
31	326	3
31	355	2
308	326	2
308	355	1
129	326	2
129	355	1
326	355	1
326	24	2
355	24	1
4	250	1
4	356	1
155	356	1
198	250	1
198	356	1
250	356	1
356	2	2
356	24	2
86	17	1
86	138	1
86	15	1
86	93	2
29	17	1
29	138	2
17	138	1
17	24	1
17	93	1
138	24	2
138	15	1
138	93	1
24	15	1
15	93	1
168	52	2
168	1	2
168	47	1
52	175	1
175	1	1
175	47	1
14	357	2
14	358	1
357	97	1
357	358	1
357	24	1
357	26	1
357	23	2
97	358	1
358	24	2
358	26	2
358	23	2
95	359	1
95	13	1
242	359	1
242	13	1
58	359	1
58	45	1
58	13	1
359	45	1
359	24	1
359	13	1
45	13	1
95	65	1
95	360	1
95	60	2
31	360	2
65	360	1
5	360	1
360	24	1
360	60	1
361	166	1
361	5	1
361	41	1
361	1	1
361	47	1
361	24	1
166	41	2
166	1	5
166	47	2
14	112	1
14	362	1
5	112	3
5	362	1
112	32	2
112	20	1
112	362	1
32	20	5
32	362	1
20	362	2
67	218	1
67	60	3
67	363	1
155	218	1
155	363	1
5	363	1
218	267	1
218	60	1
218	363	1
267	60	2
267	363	1
60	363	2
364	67	1
364	281	1
364	31	1
364	222	1
364	78	1
364	196	1
67	222	2
67	78	4
67	196	1
281	222	1
281	78	3
281	196	2
31	222	1
31	78	7
31	196	1
222	78	1
222	196	1
78	196	2
5	134	8
5	59	3
5	366	1
5	365	1
75	134	1
75	59	1
75	366	1
75	24	1
75	365	1
134	59	2
134	366	1
134	365	1
59	366	1
59	365	1
366	24	1
366	365	1
24	365	1
51	332	1
51	12	1
51	108	1
51	116	1
51	244	1
332	12	1
332	108	1
332	116	1
332	244	1
12	116	2
12	244	1
108	116	1
108	244	1
116	244	1
4	367	1
155	367	1
198	367	1
367	236	1
367	2	1
367	24	1
236	24	1
5	369	1
5	368	2
5	144	3
29	369	1
29	368	1
29	334	2
29	144	1
20	369	1
20	368	1
20	334	2
20	144	1
369	368	1
369	334	1
369	144	1
368	334	1
368	144	1
334	144	1
370	166	1
370	80	1
370	281	1
370	32	1
370	371	1
370	93	1
166	80	3
166	281	1
166	32	3
166	371	1
80	281	1
80	32	2
80	371	1
281	32	4
281	371	1
281	93	5
32	371	1
32	93	5
371	93	1
10	372	1
10	149	1
10	107	1
11	372	1
11	149	3
11	107	1
8	372	1
8	107	3
14	372	1
14	107	2
372	149	1
372	107	1
149	107	1
11	373	3
11	96	2
180	373	2
180	96	1
12	373	6
12	96	1
14	373	7
5	373	9
373	96	1
8	155	2
166	155	1
166	61	1
166	60	1
155	61	1
14	109	2
258	31	1
258	171	1
258	109	1
258	93	1
258	23	1
31	171	3
171	109	1
171	23	5
109	93	1
109	23	2
11	374	1
11	134	1
11	182	1
152	374	1
152	134	1
152	182	1
12	374	1
12	134	5
12	182	1
14	374	1
374	134	1
374	182	1
134	182	2
82	375	1
82	250	2
82	376	1
82	244	2
375	261	1
375	250	1
375	376	1
375	26	1
375	244	1
261	250	1
261	376	1
261	26	1
261	244	1
250	376	1
250	26	1
250	244	1
376	26	1
376	244	1
95	377	2
95	300	1
95	23	8
5	377	2
377	300	1
377	41	3
377	24	3
377	23	1
300	41	1
300	24	1
300	23	1
89	260	2
89	12	3
89	378	1
260	12	1
260	353	2
260	378	1
12	353	2
12	378	1
12	88	2
353	378	1
378	88	1
378	29	1
259	379	1
259	136	1
259	258	1
259	169	1
259	373	1
379	136	1
379	258	1
379	169	1
379	373	1
136	258	1
136	169	1
136	373	1
258	169	1
258	373	1
169	373	1
381	172	1
381	102	1
381	134	1
381	344	1
381	92	1
381	380	1
172	102	1
172	344	1
172	92	1
172	380	1
102	344	1
102	92	6
102	380	1
134	344	1
134	92	2
134	380	1
344	92	1
344	380	1
92	380	1
262	125	1
262	149	1
262	1	1
262	226	1
262	23	1
125	1	1
125	226	1
125	23	2
149	1	3
149	226	1
149	23	3
1	226	1
226	23	1
44	51	1
44	382	1
44	119	1
44	70	1
51	382	1
51	119	1
51	41	2
51	70	1
51	26	2
382	119	1
382	41	1
382	70	1
382	26	1
119	41	1
119	70	1
119	26	1
41	70	2
11	383	1
11	20	4
12	383	1
12	20	9
12	23	6
65	383	1
65	20	2
383	66	2
383	20	1
383	23	1
66	20	1
66	23	2
5	385	2
5	384	2
5	233	1
385	200	1
385	384	1
385	35	1
385	233	1
385	24	1
200	384	1
200	35	1
200	233	1
200	24	1
384	35	1
384	233	1
384	24	2
35	233	7
233	24	1
14	386	1
31	386	2
65	386	1
65	165	1
5	386	2
386	41	1
386	165	1
41	165	1
39	67	3
39	31	2
39	387	1
7	387	1
67	387	1
31	387	3
5	387	3
11	81	1
180	81	1
12	81	1
14	81	1
95	27	3
95	198	3
95	42	5
95	71	3
95	35	1
27	198	1
27	2	1
27	35	2
198	42	2
198	71	1
198	35	1
42	71	2
42	35	3
71	2	1
71	35	5
2	35	1
30	42	3
30	164	1
30	47	1
30	43	1
27	47	1
42	47	1
42	96	2
164	47	1
164	43	3
164	96	1
47	43	1
47	96	1
43	96	1
296	134	2
296	388	1
296	147	1
296	390	1
296	29	2
296	389	1
134	388	2
134	147	2
134	390	1
134	389	4
388	147	1
388	390	1
388	29	4
388	389	1
147	390	1
147	29	1
147	389	1
390	29	1
390	389	1
29	389	6
230	281	1
230	388	1
230	261	1
230	199	1
230	234	1
14	388	3
14	261	1
14	234	2
281	388	1
281	261	1
281	199	1
281	234	1
388	261	1
388	199	1
388	234	4
261	199	1
261	234	1
199	234	1
8	223	2
8	236	1
166	223	1
166	236	1
166	192	1
5	192	1
223	236	1
223	192	1
236	192	1
192	23	2
391	51	1
391	356	1
391	41	1
391	47	1
391	24	2
391	26	1
51	356	1
51	47	2
356	41	2
356	47	2
356	26	3
14	392	1
14	138	1
14	393	1
392	29	1
392	138	1
392	61	1
392	24	1
392	393	1
29	393	1
138	61	1
138	393	1
61	393	1
24	393	1
89	5	2
89	20	8
89	35	1
5	88	1
88	20	7
88	35	1
8	116	2
8	35	4
5	116	7
29	116	4
116	20	2
116	35	2
8	394	1
8	395	2
8	388	2
8	276	1
394	395	1
394	388	1
394	276	1
394	24	1
394	23	1
395	388	1
395	276	1
395	24	1
395	23	1
388	276	1
388	24	1
388	23	3
276	24	1
82	194	2
82	338	1
194	65	1
194	5	5
194	338	1
33	65	1
33	338	1
65	338	2
82	56	1
82	311	1
82	53	1
82	313	2
82	396	1
16	56	1
16	311	1
16	53	1
16	313	1
16	97	1
16	43	1
16	396	1
14	56	5
14	313	4
14	396	1
56	311	1
56	53	1
56	313	1
56	84	1
56	97	1
56	43	2
56	396	1
311	53	1
311	313	1
311	84	1
311	97	1
311	43	1
311	396	1
53	313	1
53	84	1
53	97	1
53	43	1
53	396	1
313	84	1
313	97	3
313	43	1
313	396	1
84	97	1
84	43	1
84	396	1
97	43	5
97	396	1
43	396	1
166	52	2
166	95	1
8	237	2
8	397	2
237	397	2
102	397	1
1	397	3
24	397	5
8	398	1
8	32	6
8	377	10
155	398	1
155	32	2
155	377	1
155	73	1
398	32	1
398	377	1
398	42	1
398	73	1
32	377	2
32	42	5
377	42	6
377	73	1
42	73	3
11	42	2
12	42	2
8	221	2
67	49	5
67	221	3
49	97	8
97	221	1
39	184	1
39	6	2
39	155	1
39	399	1
184	249	1
184	155	1
184	5	2
184	399	1
249	6	1
249	155	1
249	399	1
6	399	1
155	399	1
5	399	2
39	134	2
52	134	2
134	23	4
42	23	6
166	67	6
166	6	3
166	2	1
166	226	1
6	226	1
14	2	1
2	226	1
226	24	1
65	32	1
65	42	3
7	204	1
7	134	1
7	97	1
204	134	1
204	1	1
204	97	1
134	1	1
134	97	4
1	97	1
152	13	2
52	356	2
52	118	1
14	356	3
14	118	7
53	356	1
53	118	1
356	118	1
82	27	4
30	192	1
30	358	1
11	192	1
11	41	2
11	358	1
12	192	1
12	41	1
12	358	1
192	358	1
41	358	1
8	21	1
14	242	2
242	9	2
242	97	1
9	21	1
9	97	3
21	97	1
7	400	1
400	14	1
400	31	1
400	5	1
400	24	1
400	26	1
11	116	1
11	146	1
14	146	2
149	116	1
149	146	2
149	24	4
149	26	3
116	146	1
146	26	2
10	401	1
11	401	1
27	401	1
12	401	1
14	401	1
401	26	1
10	34	1
10	402	1
10	29	1
10	85	1
10	61	2
10	403	1
34	402	1
34	61	1
34	403	1
402	29	1
402	85	1
402	61	1
402	403	1
29	403	2
85	61	1
85	403	1
61	403	2
194	163	1
194	405	1
194	404	1
194	193	2
194	190	2
163	405	1
163	404	1
163	196	1
163	193	1
163	190	1
405	404	1
405	196	1
405	193	1
405	190	1
404	196	1
404	193	1
404	190	1
196	193	1
196	190	1
19	407	1
19	12	1
19	406	1
19	340	1
19	408	1
407	12	1
407	406	1
407	340	1
407	15	1
407	408	1
12	406	1
12	340	5
12	15	2
12	408	1
406	340	3
406	15	1
406	408	1
340	15	1
340	408	1
15	408	1
168	67	1
168	409	1
168	410	1
67	409	1
67	410	1
31	409	1
31	410	1
5	409	1
5	410	1
409	410	1
409	24	1
410	24	1
166	65	1
166	412	1
166	282	1
166	411	1
80	7	1
80	65	1
80	412	1
80	282	1
80	411	1
7	412	1
7	411	1
65	412	1
65	282	1
65	411	1
412	282	1
412	411	1
282	411	1
31	116	1
31	170	2
308	116	1
308	170	1
129	116	1
129	170	1
326	116	1
326	170	1
116	170	2
413	65	1
413	66	1
413	243	1
413	59	1
413	24	1
413	70	1
65	243	1
65	59	1
65	70	1
66	243	2
66	59	1
66	70	2
243	59	1
243	70	1
59	70	1
24	70	1
11	67	4
11	31	1
11	243	1
11	308	1
67	51	3
67	243	1
67	308	2
51	243	1
51	308	1
31	243	1
243	308	1
82	414	1
82	273	1
414	14	1
414	5	1
414	9	1
414	273	1
414	97	1
14	273	3
5	9	2
9	273	1
273	97	1
11	416	1
11	415	1
152	95	1
152	416	1
152	164	1
152	415	1
95	155	1
95	416	1
95	164	7
95	415	1
155	416	1
155	164	1
155	415	1
416	164	1
416	415	1
164	415	1
25	118	4
5	118	10
118	23	2
168	95	1
168	3	1
168	6	2
168	198	1
95	3	2
95	6	1
3	198	1
6	198	1
134	32	1
134	210	1
134	57	1
32	210	1
32	57	1
210	57	1
210	93	1
210	23	1
57	93	1
57	23	1
152	6	3
152	122	1
152	118	1
152	97	1
6	122	1
14	122	1
5	122	1
122	118	1
118	97	3
173	49	1
173	239	1
173	26	1
49	239	1
49	202	1
49	92	2
49	90	1
239	90	1
239	26	1
202	26	1
92	26	2
90	26	1
30	6	2
30	272	1
30	99	1
30	93	2
33	67	6
33	6	1
33	272	1
33	99	1
67	272	1
67	99	1
67	93	18
6	272	1
6	99	1
6	93	4
272	99	1
272	93	1
99	93	1
25	10	2
25	42	3
10	42	5
8	417	2
242	417	2
242	244	1
31	417	3
31	244	2
417	78	1
417	244	1
417	93	2
78	244	1
244	93	1
407	5	2
407	29	1
407	116	1
407	170	1
407	61	1
407	403	1
5	403	1
116	61	1
116	403	1
170	61	1
170	403	1
166	209	1
166	182	1
52	209	2
52	182	2
209	182	1
209	41	1
182	41	4
169	37	1
169	42	1
169	35	6
169	233	2
169	232	1
37	42	2
37	233	1
37	232	1
29	42	3
29	233	3
42	233	1
42	232	1
35	232	1
233	232	1
3	418	1
3	406	1
3	43	2
67	418	1
67	406	5
67	43	3
418	31	1
418	5	2
418	406	1
418	43	1
31	406	6
5	406	4
406	43	2
52	9	1
52	85	1
51	9	1
51	85	1
51	28	1
9	85	1
9	28	1
85	28	1
168	420	1
168	146	1
168	419	1
420	31	1
420	134	2
420	175	1
420	146	1
420	419	1
31	134	3
31	175	2
31	419	2
134	175	3
134	146	2
134	419	2
175	146	1
175	419	1
146	419	1
6	338	1
6	282	1
31	338	6
31	282	1
338	282	1
338	28	1
282	24	1
282	28	1
206	266	1
206	414	1
206	193	1
206	164	1
206	24	1
206	26	1
266	414	1
266	164	1
266	26	1
414	193	1
414	164	1
414	24	1
414	26	1
193	164	1
193	26	1
8	96	2
65	96	1
5	346	2
74	346	1
74	2	1
74	164	2
346	1	1
346	2	1
346	164	1
2	164	1
31	56	3
31	198	1
5	56	3
56	198	1
56	20	3
56	41	1
198	20	2
423	422	1
423	421	1
423	14	2
423	31	2
423	424	1
423	24	1
422	421	1
422	14	1
422	31	1
422	424	1
422	24	1
421	14	1
421	31	2
421	424	1
421	24	1
14	424	1
31	424	1
424	24	1
425	149	1
425	426	1
425	35	1
425	321	1
425	24	1
425	334	1
149	426	1
149	35	3
149	321	1
149	334	3
426	35	1
426	321	1
426	24	1
426	334	1
35	321	1
35	334	2
321	334	1
31	267	3
65	267	1
338	183	1
338	42	1
338	267	2
183	42	1
183	267	1
42	267	1
14	78	2
14	427	1
14	60	6
5	427	1
134	78	2
134	427	1
134	60	1
78	427	1
78	24	2
78	60	1
427	24	1
427	60	1
16	156	1
16	66	1
16	261	1
16	428	1
16	23	1
156	66	1
156	261	1
156	428	1
156	23	2
66	261	1
66	428	1
261	428	1
261	23	2
428	24	1
428	23	2
296	6	1
296	242	1
296	429	2
296	58	1
296	273	1
6	242	2
6	429	3
6	58	1
6	273	2
242	429	4
242	273	1
429	5	25
429	58	7
429	273	1
30	407	1
30	182	3
30	128	1
407	182	1
407	79	1
407	128	1
407	26	2
182	79	2
182	128	3
79	128	1
95	308	1
95	430	1
95	125	3
95	20	8
95	389	1
308	430	1
308	125	1
308	20	2
308	93	1
308	389	1
430	125	1
430	20	1
430	93	1
430	389	1
125	389	1
20	389	2
93	389	1
152	60	1
152	23	3
6	60	2
60	23	3
39	182	2
39	431	1
39	358	1
5	431	1
5	358	1
182	431	1
182	358	1
431	1	1
431	358	1
431	24	1
1	358	2
11	432	1
27	180	1
27	432	1
180	432	1
12	432	1
14	432	3
5	432	3
25	230	2
25	31	3
25	65	1
25	61	1
25	60	1
230	49	3
230	61	1
230	60	2
31	49	7
65	49	1
49	61	1
49	60	4
7	273	1
7	419	1
3	273	1
3	419	1
5	419	1
273	60	1
273	419	1
60	419	1
25	433	2
25	434	2
25	287	1
25	435	1
433	434	1
433	41	1
433	287	1
433	435	1
434	41	3
434	287	1
434	435	1
41	287	1
41	435	1
287	435	1
89	11	2
89	42	1
89	73	2
11	88	1
88	42	1
20	73	3
82	214	1
82	23	7
214	67	1
214	65	1
214	5	1
214	23	1
6	406	1
406	182	1
406	60	1
182	60	2
182	43	4
60	43	1
36	233	2
36	334	1
72	35	5
72	233	1
72	334	1
149	71	3
149	233	1
71	233	2
71	334	1
233	334	1
82	437	1
82	436	1
82	104	1
437	436	1
437	102	1
437	104	1
437	250	1
437	141	1
436	102	1
436	104	1
436	250	1
436	141	1
102	250	1
104	250	1
104	141	1
250	141	1
429	31	21
429	338	1
429	118	1
429	59	3
338	118	1
338	59	1
145	438	1
145	32	1
145	149	1
145	29	1
145	240	1
438	32	1
438	149	1
438	29	1
438	240	1
32	149	2
32	240	1
149	29	2
149	240	1
29	240	1
439	11	4
439	152	2
439	12	4
439	14	5
439	5	4
439	79	1
11	79	1
152	79	1
12	79	1
89	440	1
89	204	1
89	441	1
440	204	1
440	88	1
440	29	1
440	20	1
440	441	1
204	88	1
204	441	1
88	441	1
29	441	2
20	441	1
39	442	1
39	334	1
442	237	1
442	198	1
442	41	1
442	1	1
442	334	1
237	334	1
198	334	1
41	334	2
1	334	3
10	152	2
10	6	1
152	27	1
86	275	1
86	31	2
86	443	1
86	78	2
8	275	1
8	443	1
275	31	1
275	443	1
275	78	1
275	93	1
31	443	3
443	78	1
443	93	1
166	191	1
166	444	1
166	107	2
166	445	1
166	85	1
191	444	1
191	107	1
191	445	1
444	107	1
444	445	1
444	85	1
107	445	1
107	85	1
445	85	1
180	74	1
180	446	1
180	447	1
12	446	2
12	447	1
14	446	1
14	447	2
5	446	1
5	447	2
74	446	1
74	447	1
446	447	1
451	450	1
451	12	3
451	449	1
451	20	1
451	70	1
451	448	1
450	12	3
450	449	1
450	20	1
450	70	1
450	448	1
12	449	1
12	448	1
449	20	1
449	70	1
449	448	1
20	70	2
20	448	1
70	448	1
89	452	1
88	452	1
29	452	1
20	452	1
452	24	2
452	26	1
168	453	1
168	384	1
168	244	1
5	453	3
5	244	4
453	384	1
453	20	2
453	24	1
453	244	1
384	20	1
384	244	1
20	244	2
30	334	1
8	334	2
27	32	1
27	334	1
67	334	1
32	334	2
42	334	2
8	454	1
8	182	4
8	455	2
281	454	4
281	182	4
281	455	2
5	454	2
5	455	2
454	182	2
454	455	2
454	26	3
182	455	1
455	26	1
172	95	1
172	29	4
172	61	2
95	29	2
95	61	1
42	61	2
10	456	1
27	456	1
456	5	1
456	49	1
456	97	1
10	457	1
8	457	1
152	457	1
152	20	1
14	457	1
457	20	1
457	24	1
407	459	1
407	458	1
407	59	1
407	24	1
407	23	1
459	458	1
459	59	1
459	24	1
459	26	1
459	23	1
458	59	1
458	24	1
458	26	1
458	23	1
59	23	2
462	463	1
462	461	1
462	460	1
462	92	1
462	170	1
462	23	1
463	461	1
463	460	1
463	92	1
463	170	1
463	23	1
461	460	1
461	92	1
461	170	1
461	23	1
460	92	1
460	170	1
460	23	1
92	170	1
30	145	2
30	242	1
30	58	2
30	406	1
67	145	1
67	242	5
145	242	1
145	58	1
145	308	1
145	406	1
242	308	1
242	406	1
58	308	1
58	406	1
308	406	1
82	68	2
82	35	2
68	32	1
68	35	4
14	35	5
32	35	1
155	64	1
155	464	1
155	109	1
64	5	4
64	338	1
64	464	1
64	109	2
64	267	1
5	464	1
338	464	1
338	109	2
464	109	1
464	267	1
109	267	1
465	11	1
465	12	1
465	14	1
465	281	2
465	74	1
465	220	1
11	281	1
12	281	1
281	74	3
281	220	1
74	220	3
6	466	1
6	356	1
6	47	1
281	466	1
281	273	1
281	356	2
281	1	2
281	47	1
466	273	1
466	356	1
466	1	1
466	47	1
273	356	1
273	1	2
273	47	1
356	1	1
11	43	1
27	373	1
12	43	1
373	43	1
468	12	1
468	353	2
468	29	3
468	467	1
468	389	2
468	23	3
12	467	2
12	389	3
353	467	1
353	389	2
353	23	1
29	467	2
467	389	1
467	23	2
389	23	1
429	265	1
429	78	2
429	469	1
429	334	1
58	265	1
58	78	4
58	469	1
58	334	2
265	78	1
265	469	1
265	334	1
78	469	1
78	334	2
469	334	1
95	470	1
12	470	1
5	470	1
20	470	1
20	164	3
470	164	1
470	23	1
155	326	1
155	182	1
223	326	1
326	182	1
182	93	2
342	113	1
342	67	1
342	14	1
342	42	1
342	97	1
342	24	1
113	67	1
113	14	4
113	42	2
113	97	1
113	24	1
3	471	1
3	108	1
3	397	2
14	471	3
14	397	2
471	108	1
471	24	2
471	397	1
108	397	2
281	429	5
281	22	1
429	22	1
429	32	2
429	182	3
58	22	1
58	32	2
58	182	2
22	32	1
22	182	1
32	182	4
80	429	3
80	26	2
429	24	3
429	26	8
429	23	12
30	472	1
145	134	1
145	182	1
145	171	2
145	472	1
134	472	1
182	171	1
182	472	1
171	472	1
472	24	1
473	8	1
473	67	1
473	324	1
473	42	1
473	92	1
473	26	1
8	324	2
8	92	10
67	324	1
67	92	2
324	42	2
324	92	1
324	26	1
42	92	2
89	291	1
89	377	2
8	291	1
291	134	1
291	377	1
291	29	1
291	24	1
134	377	3
377	29	1
89	474	1
242	134	1
242	474	1
134	474	1
88	474	1
24	474	2
93	474	4
353	20	3
353	94	1
353	35	3
353	233	1
353	419	1
29	94	2
29	419	1
20	94	1
20	233	1
20	419	1
94	35	1
94	233	1
94	419	1
35	419	1
233	419	1
476	477	1
476	178	1
476	41	1
476	475	1
476	24	1
477	178	1
477	41	1
477	475	1
477	24	1
178	41	1
178	475	1
41	475	1
475	24	1
429	72	2
429	20	4
429	35	2
429	478	1
5	478	1
72	20	3
72	478	1
20	478	1
35	478	1
478	23	1
8	80	3
8	288	3
80	14	4
80	288	1
80	149	1
31	288	1
31	149	2
288	149	1
166	72	1
166	92	3
3	92	1
5	92	4
72	92	1
3	348	1
3	334	1
32	2	2
32	348	1
1	348	1
2	348	1
348	24	1
348	334	1
184	49	1
184	290	1
290	97	1
290	24	1
25	218	1
25	154	1
14	154	1
218	182	1
218	154	1
182	154	1
154	97	2
8	429	5
80	223	2
80	42	1
429	223	1
429	42	1
429	93	11
223	42	2
95	191	2
95	145	1
95	397	2
191	145	1
191	198	1
191	397	1
145	198	1
145	20	2
145	397	1
198	397	1
20	397	1
95	182	2
3	187	1
3	182	1
14	187	1
187	182	1
187	97	1
11	377	1
11	479	1
11	419	2
27	377	2
27	479	1
27	419	2
377	479	1
377	419	2
479	41	1
479	419	1
41	419	1
331	33	1
331	242	1
331	481	1
331	480	1
331	482	1
331	301	1
33	242	4
33	481	1
33	480	1
33	482	1
242	481	1
242	480	1
242	482	1
242	301	1
481	480	1
481	482	1
481	301	1
480	482	1
480	301	1
482	301	1
483	453	1
483	340	1
483	460	1
483	20	1
483	467	1
453	340	1
453	460	1
453	467	1
340	460	1
340	20	3
340	467	1
460	20	1
460	467	1
20	467	3
249	461	1
249	484	1
249	175	1
249	20	3
249	61	2
461	484	1
461	134	2
461	175	1
461	20	1
461	61	1
484	134	1
484	175	1
484	20	1
484	61	1
134	61	2
175	20	1
175	61	1
20	61	1
11	471	2
11	485	1
12	471	2
12	485	1
14	485	1
471	5	1
471	485	1
5	485	1
485	24	1
86	36	1
86	11	1
86	486	1
86	419	1
36	486	2
36	419	1
36	96	1
11	486	1
8	486	1
8	419	3
486	419	1
486	96	1
419	96	1
95	134	2
134	58	1
487	33	1
487	259	1
487	7	1
487	119	1
487	149	1
487	74	1
33	259	1
33	7	1
33	119	1
33	149	3
33	74	3
259	7	1
259	119	1
259	149	2
259	74	1
7	119	1
7	149	2
7	74	1
119	149	1
119	74	1
149	74	1
25	488	1
25	193	1
25	153	5
5	488	2
5	193	2
488	193	1
488	153	2
488	97	2
193	153	1
193	97	1
153	97	8
8	383	1
8	66	1
27	383	1
27	66	4
27	243	1
14	383	1
383	243	1
383	97	1
66	97	3
10	172	2
10	300	1
172	27	1
172	300	1
172	199	1
8	300	1
8	199	3
27	300	1
300	42	2
300	199	1
42	199	1
439	8	1
439	180	1
8	180	1
259	429	1
259	341	1
259	5	2
259	489	1
259	26	1
429	341	4
429	489	1
341	489	1
341	24	1
341	26	5
5	489	1
489	24	1
489	26	1
166	129	2
7	129	1
14	129	2
117	32	1
117	175	1
117	74	1
117	93	1
117	474	1
32	175	2
32	474	2
175	74	1
175	93	2
175	474	1
74	93	5
74	474	2
429	490	1
429	170	2
429	316	3
31	490	1
5	490	3
490	170	1
490	316	1
170	316	1
8	94	2
9	78	1
9	94	1
32	78	2
32	94	1
78	29	4
78	94	1
94	24	2
281	73	2
58	73	2
78	73	3
5	283	1
5	397	1
5	491	1
112	283	1
112	1	1
112	24	2
112	397	1
112	491	1
283	1	1
283	24	1
283	397	1
283	491	1
1	491	1
24	491	1
397	491	1
379	281	1
379	31	1
379	42	2
379	356	1
379	26	1
379	492	1
281	42	1
281	492	1
31	356	1
31	492	3
42	356	2
42	492	1
356	492	1
26	492	2
495	497	1
495	496	1
495	494	1
495	242	1
495	493	1
495	178	1
497	496	1
497	494	1
497	242	1
497	493	1
497	178	1
496	494	1
496	242	1
496	493	1
496	178	1
494	242	1
494	493	1
494	178	1
242	493	1
242	178	2
493	178	1
168	80	1
168	171	2
168	23	2
8	171	4
5	178	2
78	178	1
78	116	1
78	164	2
196	29	1
196	178	1
196	116	1
196	164	2
29	178	1
178	116	1
178	164	1
116	164	2
82	499	1
82	170	2
82	498	1
194	499	1
194	29	5
194	170	1
194	498	1
499	5	1
499	29	1
499	170	1
499	498	1
5	498	1
29	498	1
170	498	1
82	429	6
82	500	1
429	500	1
31	500	1
500	24	1
500	26	1
500	23	1
25	204	1
25	501	1
25	93	3
204	501	1
204	198	1
204	93	1
204	23	1
501	5	2
501	198	1
501	93	1
501	23	2
198	93	1
82	95	1
82	502	2
39	502	3
39	73	1
39	59	1
8	502	3
95	502	1
95	73	1
95	59	1
502	73	1
502	59	1
73	59	1
10	82	2
10	504	1
10	503	1
10	287	1
82	504	1
82	503	1
8	504	1
8	503	1
504	503	1
504	20	1
504	287	1
503	20	1
503	287	1
20	287	1
39	108	1
39	149	2
39	46	1
39	397	1
8	108	1
8	46	2
108	149	1
108	46	2
149	46	2
149	397	3
46	397	3
505	95	1
505	12	2
505	5	2
505	218	1
505	164	1
505	144	1
95	218	1
95	144	1
12	218	1
12	144	1
218	164	1
218	144	1
164	144	1
274	12	1
274	506	1
274	480	1
274	344	1
274	507	1
274	26	1
12	506	1
12	480	1
12	344	1
12	507	1
506	480	1
506	344	1
506	507	1
506	26	1
480	344	1
480	507	1
480	26	1
344	507	1
344	26	2
507	26	1
82	58	1
82	509	1
82	78	1
82	508	1
82	334	2
58	509	1
58	508	1
509	78	1
509	29	1
509	508	1
509	334	1
78	508	1
29	508	1
508	334	1
14	510	22
281	171	1
281	59	2
281	510	3
281	97	2
171	59	1
171	510	3
171	97	1
59	510	1
510	97	15
30	377	1
30	419	1
42	419	1
24	419	1
11	511	1
11	273	1
152	511	1
152	273	1
511	12	1
511	14	1
511	5	1
511	273	1
12	273	1
39	230	1
39	268	2
39	93	1
230	8	1
230	67	1
230	268	1
230	93	3
8	268	2
67	268	1
31	268	1
268	93	1
8	51	1
8	413	1
8	112	2
8	348	1
8	47	1
51	413	1
51	237	1
51	112	1
51	348	1
413	237	1
413	112	1
413	348	1
413	47	1
237	112	1
237	348	1
237	47	1
112	348	1
112	47	1
348	47	1
82	6	1
82	12	3
6	68	1
68	429	2
12	429	2
429	164	4
504	5	1
504	350	1
504	185	1
504	322	1
504	94	1
504	24	1
5	322	1
5	94	3
350	185	1
350	322	1
350	94	1
350	24	1
185	322	1
185	94	1
322	94	1
450	134	1
450	116	1
450	313	1
450	467	1
450	24	1
134	116	1
134	467	2
116	313	1
116	467	1
313	467	2
467	24	1
25	82	1
25	299	1
25	429	2
25	512	2
25	164	2
82	299	1
82	512	1
299	429	1
299	512	1
299	164	1
429	512	1
512	164	1
514	201	1
514	513	1
514	183	1
514	128	1
514	2	1
514	24	1
201	513	1
201	183	1
201	128	1
201	2	1
513	183	1
513	128	1
513	2	1
513	24	1
183	128	1
183	2	1
128	2	2
351	274	2
351	33	2
351	242	2
351	5	2
351	240	1
274	33	1
274	242	1
274	240	1
33	240	1
5	240	1
25	187	1
187	49	1
187	24	1
187	23	1
49	1	4
82	242	1
82	60	2
242	60	1
60	26	4
89	296	1
89	32	1
89	350	1
296	32	1
296	350	1
296	88	1
32	88	1
350	88	1
350	29	1
350	20	1
168	260	1
168	169	1
168	515	1
168	29	2
260	515	1
260	20	2
169	515	1
169	20	1
515	29	1
515	20	1
281	112	1
281	516	1
281	24	2
112	454	1
112	182	1
112	516	1
32	454	1
32	516	1
454	516	1
454	24	2
182	516	1
516	24	1
30	452	1
30	46	1
6	452	1
6	46	1
182	452	1
182	46	1
452	46	1
452	93	1
46	93	4
6	517	1
242	517	1
429	517	1
31	517	1
5	517	1
517	26	1
117	166	1
117	6	1
117	518	1
166	518	1
67	518	1
6	518	1
518	24	1
518	26	1
8	378	1
6	49	1
6	378	1
49	378	1
49	42	2
378	42	1
378	1	1
378	24	1
67	373	1
155	373	1
12	222	1
222	29	1
222	373	1
29	373	1
259	12	2
259	481	1
259	72	1
259	446	1
259	29	2
259	519	1
12	481	1
12	519	1
481	72	1
481	446	1
481	29	1
481	519	1
72	446	1
72	29	1
72	519	1
446	29	1
446	519	1
29	519	1
82	520	2
82	116	1
520	14	2
520	116	1
520	226	1
173	242	1
173	522	1
173	523	1
173	521	1
173	43	2
33	522	1
33	523	1
33	521	1
33	43	1
242	522	1
242	523	1
242	521	1
242	43	2
522	5	3
522	523	1
522	521	1
522	43	1
522	93	1
5	523	3
5	521	1
523	521	1
523	43	1
523	93	1
521	43	1
521	93	1
524	25	1
524	7	1
524	379	1
524	14	1
524	5	1
524	42	1
25	7	1
25	379	2
7	379	1
379	14	2
379	5	2
284	8	1
284	14	1
284	198	1
284	525	1
284	339	1
284	97	1
8	198	2
8	525	1
8	339	1
14	525	1
198	525	1
198	339	1
525	339	1
525	97	1
339	97	2
162	432	1
162	526	1
162	447	1
14	526	5
5	526	5
432	526	1
432	447	1
526	447	1
173	163	1
173	390	1
173	527	1
173	189	1
173	373	1
163	390	1
163	527	1
163	71	1
163	189	1
163	373	1
14	390	1
14	527	1
390	527	1
390	71	1
390	189	1
390	373	1
527	71	1
527	189	1
527	373	1
71	373	1
189	373	1
194	3	1
194	14	2
194	134	1
194	453	1
194	71	1
194	43	1
3	134	1
3	453	1
3	71	1
14	453	1
134	453	2
134	71	1
134	43	1
453	71	1
453	43	1
71	43	1
100	8	1
100	14	1
100	125	1
100	528	1
100	220	1
100	46	1
100	43	1
8	528	1
8	220	2
14	528	1
14	46	4
125	528	1
125	220	1
125	46	1
125	43	1
528	220	1
528	46	1
528	43	1
220	46	2
220	43	1
46	43	1
27	153	1
14	153	9
66	153	1
153	70	1
153	26	1
97	70	3
3	64	1
3	310	1
3	129	1
3	109	1
64	310	1
64	129	1
64	23	2
5	310	3
310	129	1
310	109	1
310	23	2
129	109	1
67	129	2
67	164	2
242	129	1
242	164	2
31	164	6
129	164	2
129	43	3
451	529	1
451	14	1
451	313	1
451	220	1
451	164	1
12	529	1
529	14	1
529	313	1
529	220	1
529	164	1
313	220	2
313	164	3
220	164	1
163	155	1
163	31	2
163	531	1
163	149	1
163	530	1
155	531	1
155	530	1
31	531	1
31	530	1
5	531	1
5	530	1
531	149	1
531	530	1
149	530	1
10	99	1
66	49	1
66	99	1
66	43	1
49	99	1
49	43	3
99	97	1
99	43	1
533	14	1
533	5	2
533	466	1
533	532	2
533	406	1
533	340	1
533	97	1
533	23	1
14	466	1
14	532	2
14	406	3
5	466	1
5	532	6
5	340	7
466	532	1
466	406	1
466	340	1
466	97	1
466	23	1
532	406	1
532	340	1
532	97	1
532	23	2
406	97	1
406	23	1
340	97	1
340	23	3
33	80	3
33	413	1
33	421	1
33	341	1
33	353	2
33	56	1
33	164	1
80	413	1
80	421	1
80	341	1
80	353	1
80	56	1
80	29	1
80	164	2
413	421	1
413	31	1
413	341	1
413	353	1
413	56	1
413	29	3
413	164	1
421	341	1
421	353	1
421	56	1
421	29	1
421	164	1
31	353	1
341	353	1
341	56	1
341	29	1
341	164	2
353	56	1
353	164	2
56	29	6
56	164	1
6	32	2
32	97	1
32	43	1
230	37	1
230	344	1
230	32	1
230	175	1
230	534	2
230	287	1
37	344	2
37	175	1
37	534	1
37	287	1
37	60	1
344	32	1
344	175	1
344	534	1
344	287	1
344	60	2
32	534	1
32	287	1
32	60	2
175	534	1
175	287	1
175	60	1
534	287	1
534	60	1
287	60	1
39	168	2
168	27	1
52	6	1
152	51	1
152	93	1
51	93	1
51	23	1
89	146	1
89	334	1
149	85	1
88	146	1
88	334	1
85	146	1
85	334	1
146	334	1
82	249	1
82	49	2
82	356	2
249	49	3
249	356	1
249	93	1
8	356	2
27	356	1
49	356	3
356	93	2
11	135	1
11	97	1
14	135	1
135	71	1
135	97	1
71	97	2
166	69	1
166	78	1
166	29	2
69	78	2
69	73	1
10	182	1
10	128	2
10	2	1
8	128	5
182	2	1
128	41	1
80	113	1
80	488	1
80	73	1
113	31	2
113	58	1
113	488	1
113	73	2
113	23	1
31	488	1
58	488	1
58	23	2
488	73	1
488	23	1
340	42	5
340	24	2
259	324	1
259	180	1
259	14	2
259	419	1
324	180	1
324	12	1
324	419	1
180	419	1
12	419	1
14	419	1
166	242	1
242	32	2
82	536	1
82	535	1
536	535	1
536	29	1
536	35	1
536	24	1
536	26	1
535	29	1
535	35	1
535	24	1
535	26	1
35	26	5
82	537	1
39	537	1
39	20	2
39	84	1
16	537	1
537	8	1
537	52	1
537	20	1
537	84	1
8	84	3
52	84	1
20	84	3
194	72	1
194	538	1
33	538	1
80	72	1
80	538	1
72	196	1
72	538	1
74	538	1
196	538	1
22	118	1
22	97	1
194	541	1
194	539	1
194	540	1
5	541	1
5	539	1
5	540	1
541	164	1
541	539	1
541	540	1
164	539	1
164	540	1
539	540	1
6	171	1
39	542	1
39	92	2
8	542	1
542	5	1
542	42	1
542	92	1
542	24	1
82	310	2
82	377	1
82	268	1
14	310	3
14	377	3
310	32	2
310	377	1
310	268	1
32	268	1
377	268	1
89	119	1
89	454	1
89	92	1
119	454	1
119	88	1
119	92	1
119	93	1
454	88	1
454	92	1
454	93	1
88	92	1
52	74	1
52	543	1
52	43	1
95	543	3
95	43	1
27	182	2
27	543	3
74	182	1
74	543	1
74	43	1
182	543	2
543	43	2
82	545	1
82	546	1
82	547	1
82	544	2
82	92	1
8	545	1
8	546	1
8	547	1
8	544	2
14	545	1
14	546	1
14	547	1
14	544	2
545	546	1
545	547	1
545	544	1
545	92	1
545	84	1
546	547	1
546	544	1
546	92	1
546	84	1
547	544	1
547	92	1
547	84	1
544	92	1
544	84	1
92	84	1
11	68	1
11	215	1
11	455	1
67	149	4
67	215	1
67	455	2
68	149	1
68	215	1
68	455	1
68	93	2
12	149	1
12	215	1
12	455	1
12	93	6
14	215	1
14	455	2
149	215	1
149	455	1
215	455	1
215	93	1
29	455	1
455	93	2
82	548	1
82	128	1
16	168	2
16	548	1
16	128	1
16	544	1
168	548	1
168	128	1
168	544	1
8	548	1
14	548	1
14	128	3
548	128	1
548	544	1
548	20	1
128	544	1
128	20	2
544	20	1
8	72	2
377	72	1
377	149	1
72	42	1
82	175	1
67	175	1
14	175	1
175	97	1
550	549	1
550	8	1
550	166	1
550	14	2
550	31	2
550	29	1
550	35	1
549	8	1
549	166	1
549	14	1
549	31	1
549	29	1
549	35	1
166	35	1
31	35	1
8	145	1
8	551	2
8	552	1
145	14	1
145	192	1
145	551	1
145	552	1
14	551	1
14	552	1
192	551	1
192	552	1
551	552	1
8	267	1
6	267	1
14	267	1
32	267	1
267	93	1
267	23	2
8	554	1
8	553	1
27	388	1
27	554	1
27	553	1
388	377	1
388	554	1
388	41	1
388	553	1
377	554	1
377	553	1
554	41	1
554	553	1
41	553	1
152	555	1
152	43	1
14	555	1
31	555	1
5	555	1
555	43	1
555	13	1
11	557	1
11	556	1
12	557	1
12	556	1
14	557	1
14	556	1
557	556	1
557	23	1
556	23	1
82	560	1
82	468	1
82	36	2
82	532	1
82	559	1
82	558	1
82	561	1
82	562	1
560	468	1
560	36	1
560	532	1
560	559	1
560	558	1
560	561	1
560	562	1
560	23	1
468	36	2
468	532	1
468	559	1
468	558	1
468	561	1
468	562	1
36	532	1
36	559	1
36	558	1
36	561	1
36	562	1
532	559	1
532	558	1
532	561	1
532	562	1
559	558	1
559	561	1
559	562	1
559	23	1
558	561	1
558	562	1
558	23	1
561	562	1
561	23	1
562	23	1
82	563	1
82	344	1
82	355	1
14	563	2
14	355	1
31	563	2
31	344	1
563	344	1
563	355	1
563	97	1
344	355	1
344	97	1
355	97	1
168	166	1
168	564	1
168	347	1
168	92	3
168	565	1
8	564	1
8	347	1
8	565	1
166	564	1
166	347	1
166	565	1
14	564	1
14	347	1
14	565	1
31	564	1
31	347	1
31	565	1
564	347	1
564	92	1
564	565	1
347	92	1
347	565	1
92	565	1
460	1	1
460	2	1
460	24	1
460	43	1
1	43	3
2	43	2
39	523	1
39	433	1
39	128	1
39	566	1
14	523	2
14	433	2
14	566	4
5	433	2
5	566	4
523	198	1
523	433	2
523	42	1
523	128	1
523	566	1
198	433	1
198	128	1
198	566	1
433	42	1
433	128	1
433	566	1
42	128	2
42	566	2
128	566	2
567	180	1
567	12	1
567	14	1
567	5	1
567	71	1
567	24	1
180	71	2
12	71	2
439	27	1
439	66	1
439	268	1
27	268	1
66	268	1
39	11	2
39	55	1
39	568	1
249	168	1
249	55	1
249	568	1
249	268	1
249	92	2
11	168	2
11	55	1
11	568	1
11	92	1
168	55	1
168	568	1
168	268	1
8	568	1
14	55	2
14	568	1
55	568	1
55	268	1
55	92	2
568	268	1
568	92	1
268	92	1
82	569	1
569	14	4
569	31	1
569	5	2
569	20	3
569	244	1
14	244	3
249	467	1
8	467	3
27	467	1
14	467	3
42	467	1
439	166	1
439	6	1
439	56	1
439	350	1
439	43	1
166	56	1
166	350	1
166	43	2
6	56	1
6	350	1
14	350	2
56	350	1
350	43	1
5	151	1
9	20	2
9	41	2
9	151	1
9	23	2
20	151	1
41	151	1
151	24	1
151	23	1
95	69	1
95	570	1
95	91	1
95	78	1
12	570	2
12	91	1
12	78	1
69	570	1
69	91	2
570	5	2
570	91	1
570	78	1
91	78	3
39	429	1
39	356	1
39	267	1
429	356	1
429	267	2
429	60	4
5	356	2
356	267	1
356	60	1
356	23	2
39	338	1
39	164	2
242	338	1
242	182	2
338	182	1
338	164	1
338	23	2
182	164	1
51	134	1
51	571	1
51	125	1
51	543	1
5	571	3
5	125	7
5	543	3
134	571	1
134	543	1
571	125	5
571	543	2
571	24	1
125	543	1
543	24	1
194	281	1
194	94	1
194	334	1
33	281	1
33	94	1
33	334	1
281	94	1
281	334	1
74	94	1
74	334	1
196	94	1
196	334	1
94	334	2
82	572	1
8	572	1
20	572	1
572	24	1
572	334	1
12	575	1
12	576	3
12	574	1
12	573	1
5	575	3
5	576	6
5	574	1
5	573	1
575	576	1
575	340	1
575	574	1
575	573	1
576	340	6
576	574	1
576	573	1
340	574	1
340	573	1
574	573	1
25	134	1
25	121	1
14	121	1
5	121	1
134	121	1
121	97	1
577	237	1
577	281	1
577	417	1
577	183	1
577	109	1
577	285	1
237	417	1
237	183	1
237	109	1
237	285	1
281	417	1
281	183	1
281	109	1
281	285	1
417	183	1
417	109	1
417	285	1
183	109	1
109	285	1
95	578	1
95	313	1
95	220	1
95	46	1
12	578	5
12	46	4
5	578	2
5	313	2
5	46	3
578	313	1
578	220	2
578	46	2
313	46	1
468	134	4
468	579	1
468	35	3
468	24	2
468	26	3
134	579	1
353	579	1
353	24	1
353	26	1
579	35	1
579	24	1
579	26	1
25	575	1
25	580	1
14	575	1
14	580	1
5	580	1
575	580	1
575	24	1
580	24	1
351	391	1
351	124	1
351	108	1
351	71	4
351	24	1
33	391	2
33	124	1
33	108	1
391	124	1
391	108	1
391	71	3
124	71	1
124	24	1
108	71	1
172	389	1
249	389	1
61	389	1
24	389	1
3	204	1
3	340	1
3	581	1
204	340	1
204	581	1
204	46	1
204	397	1
340	581	2
340	46	1
340	397	1
581	46	1
581	24	1
581	397	1
205	413	1
205	429	1
205	32	1
205	582	1
205	23	2
413	429	1
413	5	2
413	32	1
413	582	1
413	23	1
429	582	1
5	582	2
32	582	1
582	23	2
82	69	1
12	170	1
69	170	1
69	93	1
274	172	1
274	89	1
274	583	1
274	74	1
274	29	1
172	89	1
172	583	1
172	74	2
172	71	1
89	583	1
89	74	1
583	74	1
583	29	1
583	71	1
74	71	1
284	72	1
284	181	1
284	20	1
284	35	1
284	24	1
12	181	1
12	35	1
72	181	1
181	20	1
181	35	1
82	584	1
82	108	1
584	281	1
584	108	1
584	193	1
584	190	1
584	93	1
281	108	1
281	193	1
281	190	1
108	193	1
108	190	1
108	93	1
193	93	1
190	93	1
166	585	1
166	218	1
7	585	1
7	218	1
7	43	1
585	31	1
585	5	1
585	218	1
585	24	1
585	43	1
31	218	2
218	24	1
218	43	1
33	310	1
33	586	1
67	310	1
67	586	1
31	310	2
31	586	1
5	586	1
310	586	1
32	586	1
25	221	2
10	116	1
10	153	1
10	221	1
49	116	2
49	153	3
116	153	1
116	221	1
153	221	1
167	39	1
167	8	1
167	502	1
167	587	1
39	587	1
8	587	1
14	502	2
14	587	1
502	587	1
588	14	1
588	5	1
588	589	1
588	590	1
588	20	1
14	589	1
14	590	2
5	589	2
5	590	1
589	590	1
589	20	1
590	20	1
86	58	2
86	129	1
86	128	2
86	358	1
86	43	1
31	358	2
58	128	1
58	358	1
58	43	2
129	358	1
128	358	1
358	43	1
67	454	1
67	526	3
14	454	1
281	526	1
454	526	1
25	523	1
523	153	1
523	97	1
433	153	1
433	97	1
12	591	1
12	526	1
570	14	1
570	591	1
570	526	1
14	591	1
591	5	1
591	526	1
14	592	1
5	592	1
592	273	1
592	566	1
592	23	2
273	566	1
273	23	1
566	23	1
194	593	1
194	68	1
194	69	1
593	68	1
593	69	1
593	14	2
593	29	1
593	190	1
68	190	1
69	190	1
14	190	1
173	42	1
173	356	1
173	2	2
356	43	1
245	230	1
245	594	1
245	596	1
245	198	1
245	534	1
245	92	1
245	595	1
230	594	1
230	596	1
230	198	1
230	92	1
230	595	1
594	596	1
594	198	1
594	534	1
594	92	1
594	595	1
596	198	1
596	534	1
596	92	1
596	595	1
198	534	1
198	92	1
198	595	1
534	92	1
534	595	1
92	595	1
10	119	1
10	377	2
8	119	1
14	119	1
119	377	1
119	42	1
119	61	1
377	61	1
25	568	1
25	510	10
52	67	1
52	568	1
52	510	1
52	221	1
67	568	1
67	510	11
49	568	1
49	510	6
568	510	1
568	221	1
510	221	2
10	429	1
10	417	1
67	429	14
67	417	1
429	417	2
5	417	2
11	250	1
168	180	1
168	12	1
168	250	1
180	250	1
12	250	1
5	250	1
250	29	1
597	273	1
597	598	1
597	300	1
597	42	1
597	321	1
273	598	1
273	300	1
273	42	1
273	321	1
598	300	1
598	42	1
598	321	1
300	321	1
42	321	1
163	425	1
163	118	1
163	599	1
425	20	1
425	118	1
425	599	1
20	118	1
20	599	1
118	599	1
439	7	1
5	510	19
118	510	4
118	70	1
510	70	3
510	26	6
8	601	1
8	600	1
8	602	1
67	601	2
67	600	1
67	602	1
601	600	1
601	602	1
601	41	1
601	23	1
600	602	1
600	41	1
600	23	1
602	41	1
602	23	1
468	454	1
134	454	2
454	29	3
454	35	1
86	296	1
86	319	1
86	134	1
86	454	1
86	164	2
296	319	1
296	454	1
296	78	1
296	164	1
319	134	1
319	454	1
319	78	1
319	164	1
134	164	1
454	78	1
454	164	1
7	32	1
7	46	1
7	397	1
32	46	1
32	397	1
46	26	2
26	397	1
603	429	3
603	99	1
603	270	1
603	313	2
603	316	1
603	23	1
429	99	1
429	270	2
429	313	1
99	270	1
99	313	1
99	316	1
99	23	1
270	313	1
270	316	1
270	23	1
313	316	1
313	23	3
316	23	1
418	64	1
418	14	2
418	432	1
418	344	2
418	326	1
418	510	1
64	14	3
64	432	1
64	344	1
64	326	1
64	510	1
14	326	1
432	344	2
432	326	1
432	510	1
344	326	1
344	510	1
326	510	2
67	367	1
14	367	1
5	367	1
367	149	1
367	510	1
367	93	1
149	510	4
510	93	5
166	429	1
429	129	3
129	93	1
5	461	1
5	388	1
5	604	1
461	388	2
461	169	1
461	604	1
461	29	1
461	116	1
388	169	1
388	604	1
388	116	1
169	604	1
169	116	2
604	29	1
604	116	1
89	467	2
377	88	1
377	20	2
377	467	1
88	467	2
605	451	1
605	12	1
91	171	1
91	240	1
171	78	2
171	240	1
78	20	1
78	240	1
20	240	1
391	340	1
391	20	4
391	202	2
391	510	5
391	23	1
340	202	1
340	510	1
20	202	1
20	510	7
202	510	1
202	23	1
510	23	6
341	129	2
341	270	1
129	270	1
270	164	1
603	550	1
603	14	2
603	31	3
36	152	1
36	12	1
152	71	1
107	73	1
107	41	1
107	94	1
73	94	1
41	94	1
8	606	1
8	510	5
606	49	1
606	20	1
606	92	1
606	510	1
606	221	1
20	92	3
92	510	2
92	221	1
67	404	3
67	607	1
67	339	1
5	404	6
5	607	2
5	339	1
404	607	1
404	339	1
404	510	4
404	97	3
607	339	1
607	510	1
607	97	1
339	510	1
33	510	3
242	149	1
242	510	1
25	112	1
25	455	2
25	334	1
112	42	1
112	455	1
112	510	1
112	334	1
42	455	1
42	510	3
455	510	1
455	334	1
510	334	1
86	27	1
86	371	1
86	149	1
86	42	1
86	35	1
27	371	1
27	149	1
371	149	1
371	42	1
371	35	1
124	5	1
124	215	1
124	41	2
124	1	3
124	608	1
5	215	2
5	608	1
215	41	1
215	1	1
215	608	1
41	608	2
1	608	1
173	32	2
173	311	1
173	1	1
173	358	1
32	311	1
32	358	1
311	1	1
311	2	1
311	358	1
2	358	1
8	68	1
8	169	1
68	242	1
68	71	2
242	169	1
169	71	2
351	67	1
351	429	1
351	58	1
351	59	1
351	93	1
67	59	2
242	59	1
59	93	1
461	453	1
461	125	1
461	97	1
461	35	1
388	453	1
388	125	1
388	97	1
388	35	1
453	125	1
453	97	1
453	35	1
125	97	1
125	35	1
97	35	2
168	481	1
168	186	1
168	546	1
5	481	1
5	546	1
481	186	1
481	546	1
186	546	1
313	94	1
313	334	1
313	363	1
313	105	1
313	93	2
94	164	1
94	363	1
94	105	1
94	93	1
164	334	1
164	363	1
164	105	1
334	363	1
334	105	2
334	93	1
363	105	1
363	93	2
105	93	1
609	68	1
609	14	3
609	5	4
609	576	1
609	340	1
609	29	2
68	576	1
68	340	1
14	576	2
576	29	1
340	29	4
36	259	1
36	452	1
36	510	1
259	68	1
259	486	1
259	452	1
259	510	1
68	486	1
68	452	1
68	510	1
486	452	1
486	510	1
452	510	2
49	182	1
49	128	1
128	97	1
610	281	1
610	31	1
610	387	1
610	79	1
610	59	1
281	387	1
281	79	1
387	79	1
387	59	1
79	59	1
331	12	1
331	454	1
331	340	1
331	29	1
331	20	1
331	26	1
12	454	1
454	340	1
454	20	1
340	26	2
68	171	2
429	171	3
429	29	2
67	56	1
67	389	1
12	56	2
5	389	2
134	56	3
56	389	2
609	129	2
609	154	1
609	510	2
609	153	1
609	97	2
129	154	1
129	510	1
129	153	1
129	97	2
154	510	1
510	153	3
82	155	1
82	592	1
155	592	1
592	32	1
592	72	1
611	14	1
611	590	1
611	350	1
611	153	1
611	97	1
590	350	1
590	153	1
590	97	1
350	153	1
350	97	1
117	612	1
117	134	1
117	42	1
117	613	1
612	134	1
612	42	1
612	613	1
134	613	1
42	613	1
249	191	1
249	615	1
249	149	2
249	614	1
8	615	2
8	614	1
191	615	1
191	149	1
191	614	1
615	149	1
615	614	1
615	92	1
149	614	1
149	92	1
614	92	1
603	8	2
603	322	1
603	616	1
603	26	1
603	93	2
8	322	1
8	616	1
322	616	1
322	26	1
322	93	1
616	26	1
616	93	1
266	67	1
266	55	1
266	326	1
266	617	1
266	92	1
266	71	1
67	55	1
67	617	1
67	71	2
55	326	1
55	617	1
55	71	1
326	617	1
326	92	1
326	71	2
617	92	1
617	71	1
92	71	1
8	618	1
8	590	1
8	185	1
8	215	1
8	362	2
618	590	1
618	235	1
618	340	1
618	185	1
618	215	1
618	362	1
590	235	1
590	340	1
590	185	1
590	215	1
590	362	1
235	340	1
235	185	1
235	215	1
235	362	1
340	185	1
340	215	1
340	362	1
185	215	1
185	362	1
215	362	1
14	452	2
14	619	2
452	455	1
452	619	1
452	97	1
455	619	2
455	97	3
619	97	2
49	164	2
164	60	2
621	31	1
621	620	1
31	620	1
67	338	2
67	443	2
67	622	1
31	622	1
5	443	2
5	622	1
338	443	1
338	32	1
338	622	1
443	32	1
443	622	1
32	622	1
95	623	1
95	344	1
95	467	2
95	419	1
623	344	1
623	71	1
623	467	1
623	419	1
344	71	1
344	467	1
344	419	1
71	467	1
71	419	1
467	419	2
11	399	1
12	399	1
14	399	1
399	164	1
399	373	1
164	373	3
5	321	1
404	488	1
404	153	2
404	321	1
488	510	1
488	321	1
510	321	3
153	321	1
97	321	1
27	242	1
27	429	1
242	79	1
429	79	1
58	79	1
95	576	2
95	340	1
95	581	1
12	581	1
5	581	1
576	581	1
576	164	1
340	164	1
581	164	1
296	67	2
296	281	1
296	31	1
67	20	3
281	20	4
8	624	1
8	576	2
8	619	1
8	373	1
5	624	1
5	619	1
624	149	1
624	576	1
624	619	1
624	373	1
149	576	2
149	619	1
149	373	1
576	619	1
576	373	2
619	373	1
289	450	1
289	180	1
289	56	1
450	180	1
450	14	1
450	5	1
450	56	1
180	56	1
8	124	4
8	147	1
124	134	1
124	147	1
124	340	1
124	42	1
124	23	1
134	340	1
147	340	1
147	42	1
147	23	1
468	169	1
134	169	3
169	26	2
169	23	1
67	46	3
29	46	3
29	70	1
46	70	1
429	70	2
429	625	2
70	60	1
70	625	1
70	93	1
60	625	1
26	625	1
625	93	1
609	178	1
609	70	1
609	26	2
178	510	1
178	26	1
5	512	2
5	626	1
571	42	1
571	41	2
571	512	1
571	626	1
42	543	2
42	512	1
42	626	1
41	543	2
41	512	1
41	626	1
543	512	1
543	626	1
512	626	1
627	582	2
627	519	1
627	41	5
627	1	1
627	334	1
627	105	1
582	519	1
582	41	3
582	1	1
582	334	1
582	105	1
519	41	1
519	1	1
519	334	1
519	105	1
41	105	1
1	105	1
95	501	1
95	9	1
95	510	5
14	501	1
501	9	1
501	510	1
501	97	1
9	510	2
628	36	1
628	137	1
628	72	1
628	35	1
628	629	1
36	137	1
36	629	1
137	72	1
137	35	1
137	629	1
72	629	1
35	629	1
32	118	1
182	118	1
118	60	1
86	67	1
86	281	1
86	242	1
86	598	1
86	630	1
67	598	1
67	630	1
281	242	1
281	598	1
281	630	1
242	598	1
242	630	1
58	598	1
58	630	1
598	630	1
439	632	1
439	31	1
439	631	1
439	26	1
439	93	1
632	31	1
632	631	1
632	26	1
632	93	1
31	631	1
631	26	1
631	93	1
8	326	1
429	326	1
25	43	1
27	510	3
510	43	1
12	633	1
12	634	1
258	633	1
258	634	1
258	125	1
258	20	1
633	634	1
633	125	1
633	20	1
634	125	1
634	20	1
129	59	1
129	267	1
59	267	1
259	8	1
259	124	1
259	27	1
259	128	1
259	20	2
259	73	1
124	27	1
124	128	2
124	20	1
124	73	1
128	73	1
166	434	1
166	397	1
434	1	1
434	47	1
434	397	1
47	397	1
117	80	1
117	635	1
117	31	1
117	563	1
117	55	1
117	636	1
117	619	1
117	84	1
80	635	1
80	563	1
80	55	1
80	636	1
80	619	1
80	84	2
14	635	1
14	636	1
635	31	1
635	563	1
635	55	1
635	636	1
635	619	1
635	84	1
31	55	1
31	636	1
31	619	1
31	84	2
563	55	1
563	636	1
563	619	1
563	84	1
55	636	1
55	619	1
55	84	1
636	619	1
636	84	1
619	84	1
36	80	1
36	429	1
36	406	1
36	74	2
36	340	1
80	406	1
80	340	1
80	170	1
429	406	3
429	74	3
429	340	1
406	74	1
406	170	1
74	340	1
74	170	1
340	170	1
281	406	2
406	24	1
406	26	3
406	93	1
14	429	4
14	404	2
429	404	1
404	182	1
404	23	1
95	429	2
95	637	1
95	625	1
429	377	1
429	637	1
5	637	1
5	625	1
377	637	1
377	625	1
637	625	1
184	326	1
184	149	1
184	71	1
184	510	1
326	149	1
71	510	1
194	603	1
194	284	1
194	31	2
194	313	2
603	284	1
603	29	1
284	31	1
284	29	1
284	313	1
31	313	2
169	171	1
171	35	1
638	12	3
638	14	2
638	343	1
638	313	1
638	164	1
12	343	1
14	343	1
343	313	1
343	164	1
67	9	2
281	9	1
33	26	1
67	639	2
67	109	2
31	639	2
5	639	2
338	639	1
639	109	2
172	49	1
172	193	1
172	220	1
49	74	2
49	193	1
49	220	1
74	20	1
74	193	1
20	193	1
20	220	1
193	220	1
205	640	1
205	627	1
205	371	1
205	543	1
640	627	1
640	5	1
640	371	1
640	543	1
640	23	1
627	5	5
627	371	1
627	543	1
627	23	5
5	371	1
371	543	1
371	23	1
543	23	2
31	388	1
31	153	2
388	56	1
388	153	1
56	153	1
56	23	1
153	23	1
418	164	1
418	60	1
418	373	1
5	344	3
344	164	1
344	373	1
60	373	1
259	385	1
259	576	1
259	340	1
14	385	1
385	149	1
385	576	1
385	340	1
8	641	1
8	566	2
5	641	1
288	42	1
288	641	1
288	566	1
288	26	1
42	641	1
641	566	1
641	26	1
566	26	1
310	49	2
310	356	1
173	80	2
173	37	3
173	20	2
173	84	3
80	37	2
8	642	1
8	492	2
152	642	1
152	32	1
152	492	1
642	32	1
642	492	1
642	23	1
32	492	1
492	23	3
95	643	1
95	56	1
95	170	1
643	191	1
643	56	1
643	170	1
643	96	1
191	56	1
191	170	1
191	96	1
56	170	1
56	96	1
170	96	1
423	581	1
423	543	1
31	581	1
31	543	1
581	543	1
11	543	1
12	543	1
14	543	2
471	20	1
471	543	1
20	543	1
80	67	3
249	644	1
249	629	2
644	11	1
644	14	1
644	5	1
644	49	1
644	629	1
11	49	1
11	629	1
14	629	2
5	629	1
49	629	1
31	474	1
5	474	3
223	32	1
223	474	2
42	474	1
36	101	1
36	313	3
101	72	1
101	313	1
101	23	1
101	240	1
72	313	3
313	240	1
23	240	1
8	391	2
8	627	8
8	233	1
391	627	4
391	35	1
391	233	1
391	164	1
627	71	2
627	35	1
627	233	1
627	164	2
71	164	1
35	164	1
233	164	1
29	97	1
71	93	2
33	223	2
33	20	3
33	153	1
33	428	1
5	428	2
223	510	4
223	153	1
223	428	1
20	153	1
20	428	1
510	428	1
153	428	1
627	191	1
627	12	1
627	69	2
627	148	1
627	134	3
191	12	1
191	69	1
191	148	1
191	134	2
12	148	1
69	148	2
69	134	2
148	134	1
10	627	1
10	340	2
82	627	5
82	340	1
627	14	10
627	340	2
645	8	1
645	31	1
645	5	2
645	386	1
645	42	1
8	386	1
386	42	1
14	363	1
31	363	1
14	646	1
5	646	1
129	646	1
129	41	1
646	41	1
646	26	1
646	23	1
627	223	1
627	92	1
627	93	4
627	474	1
223	92	1
92	474	1
205	33	1
205	80	1
205	308	1
205	223	1
205	20	1
205	313	1
33	308	1
33	313	1
80	308	1
80	313	2
308	223	1
308	313	1
223	313	1
20	313	3
627	647	1
627	74	1
627	510	8
14	647	1
647	74	1
647	510	1
647	164	1
647	23	1
74	510	1
510	164	6
69	31	3
69	648	1
69	118	1
69	164	2
69	649	1
31	648	1
31	649	1
5	648	2
5	649	1
648	118	2
648	164	1
648	649	1
118	164	1
118	649	1
164	649	1
406	73	1
25	338	1
25	492	1
5	492	3
338	492	1
39	72	1
39	71	1
39	189	1
39	35	1
156	8	1
156	72	1
156	71	1
156	189	1
156	35	1
8	189	1
189	35	1
89	650	1
89	49	1
89	389	2
650	353	1
650	49	1
650	88	1
650	170	1
650	389	1
353	49	1
353	170	2
49	88	1
49	170	1
49	389	1
88	389	2
170	389	1
39	379	1
39	610	1
39	419	2
8	379	1
8	610	1
27	379	1
27	610	1
379	610	1
379	419	1
610	419	1
31	532	1
341	532	1
341	70	2
532	129	1
532	70	1
532	26	1
129	70	1
627	67	6
627	9	2
627	344	3
627	171	4
627	26	2
67	344	1
9	344	1
9	171	2
344	171	1
171	26	2
651	14	3
651	32	1
651	178	1
32	178	2
125	42	2
125	41	2
194	259	1
259	31	1
39	166	1
39	652	1
39	32	1
39	543	2
166	652	1
166	543	1
652	32	1
652	1	1
652	543	1
32	543	1
1	543	3
8	543	2
8	653	1
27	653	1
1	653	2
543	164	2
543	653	1
164	653	1
653	43	2
230	341	1
230	1	1
230	153	1
14	341	7
341	49	2
341	1	3
341	153	1
1	153	1
8	654	1
14	654	1
281	41	1
281	654	1
5	654	1
182	654	1
41	654	1
295	1	1
295	653	1
295	43	1
173	31	1
173	655	1
14	655	1
31	37	3
31	655	1
37	655	1
655	84	1
14	91	4
281	341	1
281	91	2
31	1	2
341	91	1
341	20	1
91	1	1
20	1	3
437	14	1
437	182	1
437	41	1
437	1	1
437	543	1
437	84	1
41	84	1
543	84	1
82	652	2
82	124	1
82	295	1
82	369	1
8	652	1
8	295	2
8	369	1
652	124	1
652	295	1
652	41	1
652	369	1
124	295	1
124	369	1
295	369	1
41	369	1
354	173	1
354	14	2
354	388	1
354	29	1
354	20	1
354	629	1
354	234	1
173	388	1
173	629	1
173	234	1
388	20	1
388	629	1
29	629	2
29	234	1
20	629	1
20	234	1
629	234	1
629	23	1
234	23	1
180	69	3
180	31	2
180	341	1
180	1	1
69	341	1
69	1	1
656	14	1
656	5	1
656	49	1
656	1	1
656	60	1
656	657	1
14	657	1
5	657	1
49	657	1
1	657	1
60	657	1
33	429	5
33	60	1
39	125	2
39	648	1
39	118	1
5	502	1
125	648	1
125	502	1
125	118	1
648	502	1
648	41	1
502	118	1
502	41	1
14	434	2
14	368	1
5	434	3
434	510	2
434	97	2
434	164	1
434	368	1
510	368	1
97	164	2
97	368	1
164	368	1
8	64	1
64	49	1
64	288	1
64	118	1
64	41	1
49	288	1
49	118	1
49	41	1
288	118	1
288	41	1
658	661	1
658	660	2
658	388	1
658	344	2
658	659	1
658	234	1
661	660	1
661	388	1
661	344	1
661	659	1
661	234	1
660	388	1
660	344	2
660	659	1
660	234	1
388	344	1
388	659	1
344	659	1
344	234	1
659	234	1
67	64	1
67	357	1
64	31	1
64	357	1
31	357	1
5	357	1
27	94	1
67	94	1
58	510	1
58	94	1
42	94	1
510	94	3
281	662	1
281	148	1
281	170	1
281	469	1
281	23	1
662	148	1
662	170	1
662	469	1
662	23	1
148	170	1
148	469	1
148	23	1
170	469	1
469	23	1
82	156	1
156	168	1
156	627	1
156	171	1
156	20	1
168	627	1
627	20	7
67	663	1
31	663	1
5	663	1
663	171	1
663	78	1
663	73	1
171	73	3
167	67	1
167	58	1
167	72	1
167	23	1
67	72	1
67	15	1
58	72	1
58	15	1
72	15	1
15	23	1
95	425	1
95	532	1
95	571	1
425	5	1
425	532	1
425	571	1
425	125	1
532	571	1
532	125	2
82	166	2
82	48	1
82	467	1
166	627	1
166	48	1
166	20	2
166	313	1
166	467	1
627	48	1
627	313	3
627	467	2
48	20	1
48	313	1
48	467	1
39	664	1
39	377	1
8	664	1
134	664	1
664	377	1
664	125	1
664	42	1
377	125	1
281	125	2
281	428	1
281	665	2
429	125	2
429	428	1
429	665	2
125	74	2
125	428	1
125	70	1
125	665	2
74	428	1
74	70	1
74	665	1
428	70	1
428	665	1
70	665	1
82	667	1
82	666	1
36	667	1
36	520	1
36	652	1
36	666	1
36	84	1
667	520	1
667	652	1
667	14	1
667	666	1
667	72	1
667	84	1
520	652	1
520	666	1
520	72	1
520	84	1
652	14	3
652	666	1
652	72	1
652	84	2
14	666	1
666	72	1
666	84	1
72	84	1
669	33	1
669	429	1
669	668	1
669	109	2
669	316	1
669	46	1
33	668	1
33	109	1
33	316	1
33	46	2
429	668	1
429	109	1
429	46	1
668	109	1
668	316	1
668	46	1
109	316	1
109	46	1
316	46	1
194	12	1
194	545	1
194	26	1
194	15	1
12	545	1
12	195	1
545	29	1
545	26	1
545	195	1
545	15	1
29	195	1
26	195	1
26	15	1
195	15	1
627	658	1
627	660	1
627	488	2
14	658	1
14	660	1
14	488	1
658	340	1
658	488	1
660	340	1
660	488	1
344	340	1
344	488	2
340	488	1
5	670	1
5	671	1
223	196	1
223	670	1
223	671	1
196	670	1
196	671	1
196	510	1
670	671	1
670	510	1
670	164	1
671	510	1
671	164	1
8	113	1
113	149	1
113	340	1
462	36	1
462	388	1
462	353	1
462	571	1
462	74	1
462	234	1
36	388	1
36	353	3
36	571	1
36	234	1
388	353	1
388	571	1
388	74	1
353	571	1
353	74	1
353	234	1
571	74	1
571	234	1
74	234	1
627	95	2
627	324	1
627	42	1
95	324	1
95	171	3
324	171	1
324	20	1
86	672	1
86	673	1
95	672	1
95	673	1
97	672	1
97	673	1
164	672	1
164	673	1
26	672	1
26	673	1
672	673	1
25	281	1
25	454	1
25	300	1
25	619	1
281	300	1
281	619	1
454	300	1
454	619	1
454	97	1
300	455	1
300	619	1
300	97	1
36	144	1
169	144	1
71	144	1
93	144	1
33	51	1
33	406	1
51	429	1
51	406	1
8	428	1
95	428	1
95	492	1
5	467	1
467	428	1
467	492	1
428	492	1
25	674	1
25	20	1
14	674	1
5	674	1
674	20	2
674	510	1
674	164	1
113	5	1
113	510	1
113	94	1
113	70	1
113	26	1
94	70	1
94	26	1
675	627	1
675	134	1
675	56	1
675	183	1
675	578	1
675	29	1
627	56	1
627	183	2
627	578	1
627	29	3
134	183	1
134	578	1
56	183	1
56	578	1
183	578	1
578	29	2
82	296	2
82	510	2
296	627	2
296	510	1
296	93	1
52	124	1
52	575	1
52	183	1
52	164	1
124	575	1
124	183	1
124	164	1
575	183	1
575	1	1
575	164	1
183	1	1
173	124	1
173	67	1
173	601	1
173	313	1
173	455	1
80	124	1
80	601	1
80	455	1
80	97	2
124	67	2
124	601	1
124	313	1
124	455	1
124	97	1
124	93	1
67	313	1
601	313	1
601	455	1
601	97	1
601	93	1
313	455	1
669	67	1
669	31	1
669	5	1
669	443	1
669	639	1
443	639	1
443	109	1
52	91	1
52	78	1
52	676	1
14	676	1
31	676	1
91	676	1
78	676	1
237	677	1
237	492	1
31	677	2
5	677	3
677	26	2
677	492	1
8	313	1
8	678	1
31	678	1
5	678	1
42	313	1
42	118	1
42	678	1
313	118	1
313	678	1
118	678	1
679	14	1
679	31	1
679	341	1
679	97	1
341	97	1
680	14	1
680	5	1
680	196	1
680	97	1
14	196	1
196	97	1
638	68	1
638	180	1
638	169	1
638	578	2
638	265	1
68	180	2
68	578	1
68	265	1
180	169	1
180	578	1
180	265	1
12	169	1
12	265	1
169	578	1
169	265	1
578	265	1
89	468	1
89	36	2
468	88	1
36	134	2
36	88	2
36	389	1
27	341	1
27	358	1
27	60	1
341	358	1
358	60	1
249	250	1
249	681	1
249	313	1
249	71	1
249	35	1
49	250	1
49	681	1
49	313	1
49	71	2
49	35	1
250	681	1
250	313	2
250	71	1
250	35	1
681	313	1
681	71	1
681	35	1
313	71	1
313	35	1
36	682	1
36	136	1
36	469	1
682	136	1
682	71	1
682	469	1
136	71	1
136	469	1
71	469	1
351	627	1
351	14	2
351	9	1
351	149	1
274	627	1
274	14	1
274	9	1
274	149	1
627	149	3
9	149	1
9	71	1
36	684	1
36	323	1
36	250	1
36	683	1
684	323	1
684	250	1
684	72	1
684	313	1
684	683	1
323	250	1
323	72	1
323	313	1
323	683	1
250	72	2
250	683	1
72	683	1
313	683	1
351	68	1
351	20	1
351	35	1
68	353	1
68	20	1
14	353	1
204	432	1
204	453	1
204	344	1
204	685	1
204	73	1
5	685	1
432	453	1
432	685	1
432	73	1
453	344	1
453	685	1
453	73	1
344	685	1
344	73	1
685	73	1
14	490	2
5	188	1
37	490	2
37	188	1
344	490	1
344	188	1
490	188	1
245	627	2
245	388	1
245	454	1
245	29	1
245	202	1
627	388	1
627	454	1
627	202	1
388	454	1
388	202	1
454	202	1
29	202	1
249	340	3
249	41	1
686	687	1
686	262	1
686	404	1
686	510	1
686	94	1
687	262	1
687	404	2
687	510	2
687	94	1
262	404	1
262	510	1
262	94	1
404	94	1
82	688	1
627	429	4
627	688	1
627	73	1
429	688	1
429	73	2
429	510	5
688	171	1
688	73	1
688	510	1
73	510	1
627	237	1
627	242	1
627	571	1
627	125	1
627	689	2
627	397	2
237	242	1
237	571	1
237	125	1
237	689	1
242	571	1
242	125	1
242	689	1
242	397	1
571	689	1
571	397	1
125	689	1
125	397	1
689	397	1
25	35	1
122	41	1
122	510	1
122	35	1
122	93	1
41	510	2
41	97	2
41	35	1
510	35	1
35	93	1
36	377	1
36	116	1
36	26	1
169	377	1
377	116	1
377	35	1
377	233	1
377	26	1
116	233	1
233	26	1
204	171	1
204	690	1
204	691	1
171	690	1
171	691	1
20	690	1
20	691	1
690	691	1
25	463	1
25	89	1
25	88	1
463	89	1
463	223	1
463	88	1
463	118	1
463	510	1
89	223	2
89	118	1
89	510	2
223	88	2
223	118	1
88	118	1
88	510	2
89	112	2
89	419	1
134	112	2
112	88	2
112	467	1
112	419	1
88	419	1
5	343	2
343	532	1
343	74	1
343	474	1
532	74	1
532	93	1
532	474	1
125	474	1
638	95	1
638	49	1
638	42	1
638	510	1
638	23	1
95	49	2
39	172	1
39	692	1
172	692	1
172	149	1
172	1	1
692	8	3
692	14	1
692	149	2
692	1	1
67	356	1
12	356	1
74	356	1
74	46	2
356	46	1
651	593	1
651	5	1
651	153	1
651	244	1
593	5	1
593	153	1
593	244	1
153	244	1
14	693	1
14	616	3
532	79	1
532	693	1
532	616	1
532	467	1
79	693	1
79	616	1
79	467	1
693	616	1
693	467	1
616	467	1
86	569	1
86	124	1
86	566	1
86	1	1
569	8	2
569	124	1
569	128	1
569	566	1
569	1	2
124	14	2
124	566	1
128	1	1
566	1	1
569	638	1
569	12	1
569	74	1
569	578	1
569	220	1
638	5	1
638	74	1
638	1	1
638	220	1
14	578	2
74	578	3
578	1	1
1	220	1
25	694	1
25	169	1
25	94	1
14	694	1
14	512	1
5	694	1
694	169	1
694	94	1
694	512	1
169	94	1
169	512	1
94	512	1
533	404	1
533	153	1
533	695	1
5	695	1
532	404	1
532	153	1
532	695	1
404	695	1
153	695	1
14	148	2
14	696	1
341	148	1
341	616	2
341	696	1
148	616	1
148	696	1
148	60	1
616	696	1
616	60	1
696	60	1
697	699	1
697	14	1
697	341	1
697	37	1
697	698	1
697	616	1
699	14	1
699	341	1
699	37	1
699	698	1
699	616	1
14	698	1
341	37	1
341	698	1
37	698	1
37	616	1
698	616	1
465	163	2
465	429	1
465	571	3
465	125	2
465	665	1
163	281	1
163	429	1
163	571	2
163	125	1
163	665	1
281	571	1
429	571	1
571	665	1
578	700	1
578	84	1
700	84	1
5	701	1
575	404	1
575	149	1
575	701	1
404	149	1
404	701	1
149	701	1
67	702	1
702	68	1
702	12	2
702	14	1
702	74	1
702	29	3
68	74	1
8	674	1
95	674	1
95	362	1
674	576	1
674	362	1
576	20	1
576	362	1
39	50	1
39	703	1
39	244	1
8	50	1
8	703	1
50	703	1
50	244	1
50	23	1
703	244	1
703	23	1
244	23	2
8	704	1
627	27	1
627	704	1
627	70	1
27	704	1
14	704	1
704	41	1
704	70	1
95	582	1
95	705	1
95	92	2
5	705	1
125	582	1
125	705	1
125	92	1
582	705	1
582	92	1
705	92	1
705	23	1
194	4	1
194	692	1
194	702	1
4	692	2
4	702	1
4	193	1
4	195	1
692	702	3
692	5	2
692	193	1
692	195	1
702	5	2
702	193	1
702	195	1
5	195	1
193	195	1
25	627	3
25	261	1
25	107	1
25	706	1
627	261	1
627	107	1
627	706	1
261	107	1
261	510	1
261	706	1
107	510	1
107	706	1
107	23	1
510	706	1
706	23	1
89	707	1
89	702	1
8	707	1
8	702	2
707	702	1
707	134	1
707	112	1
707	88	1
702	134	3
702	112	1
702	88	1
82	403	1
8	83	1
8	403	1
83	403	1
84	403	1
25	58	1
25	526	2
67	379	1
379	58	1
379	526	1
58	526	1
39	310	1
39	517	1
39	576	1
39	340	1
39	475	1
310	517	1
310	576	1
310	340	1
310	475	1
310	419	1
517	576	1
517	340	1
517	475	1
517	419	1
576	475	1
576	419	1
340	475	1
340	419	1
475	419	1
89	603	1
89	391	2
89	191	2
89	94	1
603	391	3
603	191	1
603	134	2
603	88	1
603	94	1
391	191	2
391	134	3
391	88	1
391	94	1
191	88	1
191	94	1
134	94	1
88	94	1
627	617	1
627	709	1
627	708	1
344	617	1
344	709	1
344	708	1
617	488	1
617	709	1
617	708	1
488	709	1
488	708	1
709	708	1
25	603	1
25	171	1
230	603	1
230	429	1
230	171	1
603	171	1
134	441	1
134	170	1
169	441	1
441	170	1
441	35	1
95	341	1
95	301	1
429	49	2
429	301	1
31	301	1
341	301	1
49	301	1
8	262	1
5	262	1
49	262	1
262	74	1
262	116	1
74	116	1
501	429	1
501	31	1
501	387	1
501	131	1
501	607	1
429	387	1
429	131	1
429	607	1
31	607	1
5	131	1
387	131	1
387	607	1
131	607	1
249	67	1
249	710	1
249	502	1
67	710	1
67	340	1
67	502	1
14	710	1
710	340	1
710	502	1
340	502	1
33	8	1
33	627	1
429	149	1
67	687	1
14	687	1
5	687	1
687	97	1
27	340	1
340	128	1
80	522	1
80	387	1
80	215	1
80	677	1
522	387	1
522	215	1
522	677	1
522	164	2
387	215	1
387	677	1
387	164	1
215	677	1
215	164	1
677	164	1
711	8	1
711	712	1
711	5	1
711	198	1
711	713	1
711	97	1
8	712	1
8	713	2
712	5	1
712	198	1
712	713	1
712	97	1
5	713	1
198	713	1
713	97	1
14	522	1
522	49	1
522	109	1
522	373	1
49	109	1
49	373	1
109	164	1
109	373	1
14	715	1
14	714	2
340	715	1
340	35	1
340	714	1
715	29	1
715	35	1
715	714	1
29	714	1
35	714	1
716	717	1
716	29	1
716	20	1
716	35	1
716	469	1
716	365	1
717	29	1
717	20	1
717	35	1
717	469	1
717	365	1
29	469	1
29	365	1
20	469	1
20	365	1
35	469	1
35	365	1
469	365	1
651	124	1
651	67	1
465	31	2
465	112	1
465	175	1
465	93	2
163	112	1
163	175	1
163	93	1
31	112	1
31	571	2
112	571	1
112	175	1
112	93	1
571	175	1
571	93	2
145	273	1
145	1	1
145	84	1
273	20	1
273	84	1
36	627	1
36	405	1
36	20	2
627	405	1
627	72	1
627	188	1
405	72	1
405	20	1
405	313	1
405	188	1
20	188	1
313	188	1
249	692	1
249	95	1
249	718	1
249	171	1
692	95	2
692	718	1
692	171	1
692	20	3
8	718	1
95	718	1
718	171	1
718	20	1
4	125	1
4	149	1
4	434	1
4	719	1
692	125	1
692	434	2
692	719	1
5	719	1
125	434	1
125	719	1
149	434	1
149	719	1
434	719	1
162	180	1
162	12	1
162	373	1
194	627	1
194	720	1
194	59	1
627	720	1
627	59	2
627	195	1
720	313	1
720	59	1
720	195	1
720	23	1
313	59	1
313	195	1
59	195	1
692	499	1
692	627	1
692	455	1
8	499	1
499	627	1
499	702	1
499	20	1
499	455	1
627	702	3
627	455	2
702	20	3
702	455	1
20	455	1
82	721	1
8	721	1
27	502	1
27	721	1
502	42	1
502	26	1
502	721	1
42	721	1
26	721	1
723	296	1
723	391	3
723	627	4
723	702	1
723	20	3
723	722	1
296	391	2
296	702	1
296	722	1
391	702	2
391	722	1
627	722	1
702	722	1
20	722	1
49	417	1
417	60	1
237	14	1
237	429	1
237	406	1
180	148	1
180	91	2
31	148	1
148	91	1
80	145	1
80	720	1
80	724	1
80	725	1
145	5	1
145	720	1
145	724	1
145	725	1
5	720	1
5	724	1
5	725	1
720	724	1
720	171	1
720	725	1
724	171	2
724	725	1
171	725	1
64	702	1
64	261	1
64	434	1
64	551	1
702	261	1
702	434	1
702	551	1
5	261	1
5	551	1
261	434	1
261	551	1
434	551	1
723	25	1
723	67	3
723	5	3
723	118	1
723	510	5
627	118	1
67	118	2
726	5	1
726	343	1
726	353	1
726	29	1
726	93	1
5	353	1
343	353	1
343	29	1
353	93	1
89	429	1
89	116	1
391	429	3
391	116	1
391	73	1
191	429	1
191	116	1
191	73	1
429	116	1
116	73	1
723	95	2
723	523	1
723	302	1
723	724	1
723	171	1
95	523	1
95	302	1
95	724	1
523	302	1
523	724	1
523	171	1
523	510	1
302	724	1
302	171	1
302	510	1
724	510	1
723	82	1
723	12	1
723	727	1
723	134	1
723	202	1
82	391	2
82	727	1
82	202	1
391	12	1
391	727	1
12	727	1
12	202	1
727	134	1
727	202	1
134	202	1
67	728	1
429	728	1
31	728	1
728	164	1
728	26	1
728	93	1
172	113	1
172	702	1
172	204	1
172	311	1
113	702	1
113	204	1
113	311	1
113	29	1
113	20	1
702	204	1
702	311	1
204	311	1
311	29	1
311	20	1
134	73	1
134	538	1
9	73	1
9	146	1
9	538	1
171	146	1
171	538	1
73	146	1
73	538	1
146	538	1
538	26	1
172	16	1
172	168	1
172	658	1
16	658	1
168	658	1
8	658	1
658	134	1
658	20	1
134	84	1
134	714	2
84	714	1
8	729	1
627	52	4
627	729	1
627	377	1
52	729	1
52	377	1
52	59	1
134	729	1
729	377	1
729	59	1
377	59	1
95	730	1
95	731	1
95	732	1
5	730	1
5	731	1
5	732	1
730	731	1
730	60	1
730	732	1
730	23	1
731	60	1
731	732	1
731	23	1
60	732	1
732	23	1
31	733	2
341	308	1
341	733	1
5	733	1
308	70	1
308	26	1
308	733	1
70	733	1
26	733	2
16	692	1
16	95	1
16	420	1
16	136	1
16	702	2
692	420	1
692	136	1
692	134	1
95	420	1
95	136	1
95	702	1
420	136	1
420	702	1
136	702	1
136	134	1
603	149	1
603	199	1
603	734	1
8	734	1
134	149	1
134	199	1
134	734	1
149	199	1
149	734	1
199	734	1
723	735	1
723	429	1
723	93	1
735	391	1
735	627	1
735	429	1
735	510	1
735	93	1
391	93	1
737	281	1
737	738	1
737	736	1
737	149	1
737	510	1
737	93	1
281	738	1
281	736	1
281	149	1
738	736	1
738	149	1
738	510	1
738	93	1
736	149	1
736	510	1
736	93	1
172	643	1
172	615	1
172	739	1
172	146	1
8	643	1
8	739	1
8	146	1
643	615	1
643	739	1
643	146	1
615	739	1
615	146	1
739	146	1
723	172	1
723	266	1
723	350	1
723	526	1
723	41	2
172	266	1
172	627	3
172	350	1
172	526	1
172	41	1
266	627	1
266	350	1
266	526	1
266	41	1
627	350	1
627	526	1
350	526	1
350	41	1
526	41	2
14	321	1
134	434	1
134	41	1
134	510	1
134	321	1
9	434	1
9	321	1
434	321	1
8	122	1
281	56	1
281	122	1
281	92	1
56	122	1
56	92	1
56	226	1
122	29	1
122	92	1
122	226	1
29	92	1
92	226	1
423	627	1
423	52	1
423	95	1
423	149	1
423	397	1
52	149	1
52	397	1
95	149	2
39	49	1
39	510	1
39	713	1
27	713	1
49	713	1
20	713	1
510	713	1
609	237	1
609	31	1
609	720	1
609	733	1
237	129	1
237	720	1
237	733	1
31	720	1
129	720	1
129	733	1
720	26	1
720	733	1
627	199	1
627	97	1
702	183	1
702	199	1
702	510	1
702	97	1
702	26	2
183	199	1
183	510	2
199	510	2
8	733	1
14	733	1
49	183	1
49	733	1
183	733	1
510	733	1
97	733	1
82	107	1
8	296	1
166	296	1
166	391	1
296	107	1
391	107	1
107	20	1
692	56	1
692	571	1
692	29	1
692	389	1
56	571	1
56	434	1
571	29	1
571	434	1
571	20	1
571	389	1
29	434	1
434	20	1
434	389	1
723	14	2
723	571	1
723	147	1
723	146	1
67	571	1
67	147	1
67	146	1
14	571	1
14	147	1
571	147	1
571	146	1
147	41	1
147	146	1
41	146	1
723	584	1
723	80	1
723	31	1
584	80	1
584	67	1
584	31	1
584	5	1
584	20	1
429	333	1
429	97	1
429	220	1
31	333	1
333	97	1
333	220	1
333	23	1
97	220	1
220	23	1
391	180	2
391	69	1
391	175	1
391	29	1
702	180	1
702	69	1
702	175	1
180	134	1
180	175	1
69	175	1
175	29	1
89	740	1
89	321	1
89	435	1
740	223	1
740	88	1
740	510	1
740	321	1
740	435	1
223	321	1
223	435	1
88	321	1
88	435	1
510	435	1
321	435	1
25	341	1
67	341	1
341	526	1
341	510	1
526	510	1
172	505	1
172	12	1
172	576	1
172	340	1
172	373	1
505	576	1
505	340	1
505	373	1
340	373	1
8	129	1
58	49	1
49	129	1
741	237	1
741	658	1
741	108	1
741	311	1
741	41	1
741	46	1
237	658	1
237	108	1
237	311	1
237	46	1
658	108	1
658	311	1
658	41	1
658	46	1
108	311	1
108	41	1
311	41	1
311	46	1
41	46	1
89	33	1
36	260	1
33	260	1
33	88	1
10	742	1
172	742	1
172	377	1
8	742	1
742	377	1
742	42	1
742	20	1
67	494	1
494	31	1
494	26	1
113	27	1
249	101	1
249	242	1
249	32	1
249	417	1
249	178	1
249	153	1
101	242	1
101	32	1
101	417	1
101	178	1
101	153	1
242	153	1
32	417	1
32	153	1
417	178	1
417	153	1
178	153	1
14	360	1
218	360	1
218	9	1
360	9	1
56	517	1
56	744	1
56	743	1
56	648	1
56	337	1
517	744	1
517	743	1
517	648	1
517	29	1
517	337	1
744	743	1
744	648	1
744	29	1
744	337	1
743	648	1
743	29	1
743	337	1
648	29	1
648	337	1
745	31	1
745	5	1
745	129	1
745	178	1
745	683	1
31	178	1
31	683	1
5	683	1
129	178	1
129	683	1
178	683	1
609	3	2
609	149	1
609	42	1
609	1	1
3	149	1
351	36	1
351	72	1
351	530	1
351	232	1
36	530	1
353	72	1
353	530	1
353	71	1
353	232	1
72	530	1
530	71	1
530	232	1
249	353	1
249	746	1
353	340	1
353	746	1
353	629	1
340	746	1
340	629	1
29	746	1
746	629	1
569	102	2
569	37	3
569	92	1
102	20	2
37	92	5
25	102	1
25	474	1
102	434	1
102	97	3
102	26	1
102	474	1
198	434	1
198	474	1
434	26	1
434	474	1
97	474	1
26	474	1
747	652	1
747	102	1
747	37	1
747	202	1
747	92	1
652	102	3
652	37	4
652	202	1
652	92	2
102	202	1
37	202	1
652	748	1
652	97	2
14	748	1
102	748	1
37	748	1
37	97	2
92	748	1
92	97	2
748	97	1
749	102	1
749	84	1
423	750	1
423	102	1
423	751	1
423	300	1
750	14	1
750	102	1
750	751	1
750	300	1
14	751	1
14	300	1
102	751	1
102	300	1
751	300	1
168	102	1
168	37	1
168	752	1
14	752	2
102	752	2
37	752	2
752	92	2
465	753	1
465	102	1
465	37	1
753	102	1
753	31	1
753	37	1
753	571	1
753	125	1
753	93	1
102	571	1
102	93	1
31	125	1
37	571	1
37	125	1
37	93	1
16	166	1
16	719	1
16	92	1
8	719	1
166	102	1
166	37	1
166	719	1
102	719	1
37	719	1
719	92	1
609	102	1
609	37	1
609	490	1
609	754	1
14	754	1
102	5	2
102	490	1
102	754	1
102	29	1
5	754	1
37	754	1
490	754	1
490	29	1
754	29	1
569	755	1
14	755	1
755	102	1
755	37	1
80	652	1
80	102	1
80	756	1
80	752	1
652	5	1
652	756	1
652	752	1
652	20	1
102	756	1
5	756	1
5	752	1
37	756	1
756	752	1
756	20	1
756	97	1
752	20	1
752	97	2
20	97	1
95	281	1
95	551	1
281	551	1
20	551	1
551	510	1
36	413	1
36	69	1
413	68	1
413	69	2
413	169	1
69	169	1
603	33	1
603	758	1
603	757	2
603	510	2
33	758	1
33	757	2
391	758	1
391	757	4
429	758	1
429	757	5
758	757	1
758	510	1
757	510	6
25	172	1
25	395	1
25	689	1
25	759	1
172	395	1
172	689	1
172	759	1
8	689	1
8	759	1
627	395	1
627	759	1
395	689	1
395	759	1
689	759	1
723	757	1
723	92	1
723	164	2
95	757	1
757	20	2
757	92	1
757	164	1
92	164	1
627	413	1
627	288	1
67	413	1
67	288	1
413	288	1
69	288	1
288	29	1
429	559	1
429	233	1
429	725	1
429	760	1
559	29	1
559	35	1
559	233	1
559	725	1
559	760	1
29	725	1
29	760	1
35	725	1
35	760	1
233	725	1
233	760	1
725	760	1
603	627	1
603	467	1
391	14	2
391	467	1
627	757	2
14	757	5
757	467	1
510	467	1
249	429	1
249	757	2
249	761	1
249	23	1
429	761	1
757	761	1
757	23	4
20	761	1
761	23	1
702	258	1
702	762	1
702	761	1
12	762	1
12	761	1
258	762	1
258	761	1
258	26	1
762	761	1
762	26	1
761	26	1
763	627	1
763	293	1
763	582	1
763	764	1
763	41	1
627	293	1
627	764	1
293	582	1
293	764	1
293	41	1
582	764	1
764	41	1
391	199	1
391	313	1
391	97	1
757	199	1
757	313	1
757	97	1
199	313	1
313	510	1
172	68	1
172	69	1
172	116	1
172	164	1
68	116	1
69	116	1
391	68	1
391	319	1
391	91	1
68	319	1
68	757	1
68	91	2
180	319	1
180	757	1
319	757	1
319	91	1
319	71	1
757	91	1
757	71	3
91	71	1
95	766	1
95	681	1
95	765	1
766	681	1
766	765	1
766	149	1
766	42	1
766	543	1
681	765	1
681	149	1
681	42	1
681	543	1
765	149	1
765	42	1
765	543	1
149	543	1
89	199	1
88	199	1
29	199	1
199	170	1
199	93	1
351	757	1
351	171	1
351	42	1
351	23	1
5	757	3
757	171	1
757	42	1
171	71	1
578	93	2
627	49	1
627	209	1
627	356	1
627	767	1
52	767	1
14	767	1
49	209	1
49	767	1
209	356	1
209	767	1
356	767	1
768	84	1
16	757	1
16	724	1
16	769	1
16	770	1
702	757	1
702	724	1
702	769	1
702	770	1
757	724	1
757	769	1
757	770	1
724	769	1
724	770	1
769	770	1
169	91	1
91	29	1
91	35	1
67	757	2
757	29	1
757	46	1
757	93	1
156	67	1
156	429	1
156	757	1
156	708	1
156	510	1
67	708	1
429	708	1
757	708	1
708	510	1
172	52	1
172	295	1
627	295	1
67	578	1
429	578	1
578	23	1
245	191	1
245	757	2
245	72	1
245	551	1
172	757	1
172	72	1
172	551	1
191	757	1
191	72	1
191	551	1
757	72	2
757	551	1
72	551	1
245	204	1
245	429	1
245	455	1
627	204	1
204	429	1
204	757	1
204	455	1
429	455	1
757	455	1
173	652	1
173	113	1
173	458	1
173	153	1
173	771	1
652	113	1
652	458	1
652	153	1
652	771	1
113	37	1
113	458	1
113	84	1
113	153	1
113	771	1
14	458	1
14	771	1
37	458	1
37	153	1
37	771	1
458	84	1
458	153	1
458	771	1
84	153	1
84	771	1
153	771	1
627	51	1
627	281	1
627	766	1
627	772	1
67	766	1
67	772	1
51	281	1
51	766	1
51	772	1
14	766	1
14	772	1
281	766	1
281	772	1
766	772	1
37	677	1
37	26	1
569	259	1
569	570	1
569	70	1
569	774	1
569	773	1
259	570	1
259	70	1
259	774	1
259	773	1
570	20	1
570	70	1
570	774	1
570	773	1
20	774	1
20	773	1
70	774	1
70	773	1
774	773	1
609	52	1
609	589	1
609	41	2
609	47	1
52	589	1
3	589	1
589	41	1
589	47	1
36	775	1
68	775	1
14	775	1
5	775	1
134	72	1
134	775	1
169	775	1
72	775	1
25	449	1
25	29	1
25	776	1
25	71	2
449	29	1
449	776	1
449	41	1
449	71	1
449	153	1
29	776	1
29	41	1
29	153	1
776	41	1
776	71	1
776	153	1
41	71	1
41	153	1
71	153	1
778	569	1
778	8	1
778	777	1
778	27	1
778	134	1
778	56	1
778	714	1
569	777	1
569	27	1
569	134	1
569	56	1
569	714	1
8	777	1
8	714	1
777	27	1
777	134	1
777	56	1
777	714	1
27	56	1
27	714	1
56	714	1
230	134	1
230	310	1
134	310	1
134	49	1
310	93	1
14	308	1
14	779	1
5	779	1
308	757	1
308	779	1
308	244	1
757	779	1
757	244	1
779	244	1
779	23	1
569	761	1
569	84	1
37	761	1
761	84	1
25	757	1
49	757	1
645	429	1
645	341	1
645	58	1
645	310	1
645	26	1
429	310	1
341	58	1
341	310	1
58	310	1
310	26	1
723	452	1
723	761	1
14	761	1
5	452	1
5	761	1
452	761	1
452	164	1
761	510	1
761	164	1
281	601	1
281	780	1
31	601	1
31	780	1
601	91	1
601	780	1
91	780	1
266	781	1
266	782	1
266	43	1
781	782	1
781	43	1
782	43	1
299	14	1
299	566	1
299	41	1
299	97	1
566	41	1
566	97	1
609	526	1
609	582	1
609	434	1
609	608	1
526	582	1
526	434	1
526	608	1
582	434	1
582	608	1
434	608	1
593	575	1
593	601	1
593	215	1
593	714	1
575	601	1
575	215	1
575	714	1
601	215	1
601	714	1
215	714	1
12	532	1
12	127	1
204	532	1
204	127	1
204	389	1
5	127	1
532	127	1
532	389	1
127	389	1
289	346	1
12	346	1
89	354	1
89	169	1
354	169	1
354	88	1
166	291	1
166	784	1
166	353	1
166	694	1
166	785	1
166	786	1
166	170	1
166	164	1
166	783	1
291	784	1
291	353	1
291	694	1
291	785	1
291	786	1
291	170	1
291	164	1
291	783	1
784	353	1
784	694	1
784	785	1
784	786	1
784	170	1
784	164	1
784	783	1
353	694	1
353	785	1
353	786	1
353	783	1
694	785	1
694	786	1
694	170	1
694	164	1
694	783	1
785	786	1
785	170	1
785	164	1
785	783	1
786	170	1
786	164	1
786	783	1
170	164	1
170	783	1
164	783	1
8	752	1
134	752	1
789	249	1
789	791	1
789	787	1
789	423	1
789	788	1
789	635	1
789	790	1
789	757	1
789	512	1
249	791	1
249	787	1
249	423	1
249	788	1
249	635	1
249	790	1
249	512	1
791	787	1
791	423	1
791	788	1
791	635	1
791	790	1
791	757	1
791	512	1
787	423	1
787	788	1
787	635	1
787	790	1
787	757	1
787	512	1
423	788	1
423	635	1
423	790	1
423	757	1
423	512	1
788	635	1
788	790	1
788	757	1
788	512	1
635	790	1
635	757	1
635	512	1
790	757	1
790	512	1
757	512	1
8	751	1
56	751	1
751	20	1
799	795	2
799	794	2
799	797	2
799	796	2
799	800	2
799	793	2
799	35	2
799	792	2
799	798	2
795	794	2
795	797	2
795	796	2
795	800	2
795	793	2
795	35	2
795	792	2
795	798	2
794	797	2
794	796	2
794	800	2
794	793	2
794	35	2
794	792	2
794	798	2
797	796	2
797	800	2
797	793	2
797	35	2
797	792	2
797	798	2
796	800	2
796	793	2
796	35	2
796	792	2
796	798	2
800	793	2
800	35	2
800	792	2
800	798	2
793	35	2
793	792	2
793	798	2
35	792	2
35	798	2
792	798	2
801	429	1
801	456	1
801	222	1
801	757	1
801	250	1
801	72	1
801	803	1
801	802	1
801	510	1
429	456	1
429	222	1
429	250	1
429	803	1
429	802	1
456	222	1
456	757	1
456	250	1
456	72	1
456	803	1
456	802	1
456	510	1
222	757	1
222	250	1
222	72	1
222	803	1
222	802	1
222	510	1
757	250	1
757	803	1
757	802	1
250	803	1
250	802	1
250	510	1
72	803	1
72	802	1
72	510	1
803	802	1
803	510	1
802	510	1